1   0.3390
1.027   0.2980
1.055   0.2630
1.083   0.2310
1.112   0.2040
1.142   0.1790
1.173   0.1590
1.205   0.1450
1.237   0.1330
1.271   0.1220
1.305   0.1120
1.34   0.1030
1.376   0.0940
1.414   0.0850
1.452   0.0750
1.491   0.0670
1.531   0.0600
1.572   0.0540
1.615   0.0490
1.658   0.0450
1.703   0.0420
1.749   0.0390
1.796   0.0360
1.845   0.0340
1.895   0.0320
1.946   0.0300
1.998   0.0280
2.052   0.0270
2.107   0.0260
2.164   0.0250
2.223   0.0245
2.283   0.0240
2.344   0.0235
2.408   0.0230
2.473   0.0225
2.539   0.0220
2.608   0.0215
2.678   0.0210
2.75   0.0207
2.825   0.0203
2.901   0.0200
2.979   0.0197
3.059   0.0193
3.142   0.0190
3.227   0.0187
3.314   0.0183
3.403   0.0180
3.495   0.0178
3.589   0.0176
3.686   0.0174
3.786   0.0172
3.888   0.0170
3.993   0.0169
4.101   0.0169
4.211   0.0168
4.325   0.0168
4.441   0.0167
4.561   0.0167
4.684   0.0166
4.811   0.0166
4.941   0.0165
5.074   0.0165
5.211   0.0164
5.351   0.0164
5.496   0.0163
5.644   0.0163
5.796   0.0162
5.953   0.0162
6.113   0.0161
6.278   0.0161
6.448   0.0160
6.622   0.0160
6.8   0.0160
6.984   0.0160
7.172   0.0160
7.366   0.0160
7.565   0.0160
7.769   0.0160
7.978   0.0160
8.194   0.0160
8.415   0.0160
8.642   0.0160
8.875   0.0160
9.114   0.0160
9.36   0.0160
9.613   0.0160
9.872   0.0160
10.139   0.0160
10.412   0.0160
10.693   0.0160
10.982   0.0160
11.278   0.0160
11.582   0.0160
11.895   0.0160
12.216   0.0160
12.545   0.0160
12.884   0.0160
13.231   0.0160
13.588   0.0160
13.955   0.0160
14.332   0.0160
14.718   0.0160
15.115   0.0160
15.523   0.0160
15.942   0.0160
16.372   0.0160
16.814   0.0160
17.268   0.0160
17.734   0.0160
18.212   0.0160
18.704   0.0160
19.208   0.0160
19.727   0.0160
20.259   0.0160
20.805   0.0160
21.367   0.0160
21.943   0.0160
22.535   0.0160
23.144   0.0160
23.768   0.0160
24.409   0.0160
25.068   0.0160
25.744   0.0160
26.439   0.0160
27.152   0.0160
27.885   0.0160
28.637   0.0160
29.41   0.0160
30.204   0.0160
31.019   0.0160
31.856   0.0160
32.715   0.0160
33.598   0.0160
34.504   0.0160
35.435   0.0160
36.392   0.0160
37.373   0.0160
38.382   0.0160
39.418   0.0160
40.481   0.0160
41.573   0.0160
42.695   0.0160
43.847   0.0160
45.03   0.0160
46.245   0.0160
47.493   0.0160
48.775   0.0160
50.091   0.0160
51.442   0.0160
52.83   0.0160
54.256   0.0160
55.72   0.0160
57.223   0.0160
58.767   0.0160
60.353   0.0160
61.981   0.0160
63.654   0.0160
65.371   0.0160
67.135   0.0160
68.946   0.0160
70.807   0.0160
72.717   0.0160
74.679   0.0160
76.694   0.0160
78.764   0.0160
80.889   0.0160
83.072   0.0160
85.313   0.0160
87.615   0.0160
89.979   0.0160
92.407   0.0160
94.9   0.0160
97.461   0.0160
100.09   0.0160
102.79   0.0160
105.57   0.0160
108.41   0.0160
111.34   0.0160
114.34   0.0160
117.43   0.0160
120.6   0.0160
123.85   0.0160
127.19   0.0160
130.62   0.0160
134.15   0.0160
137.77   0.0160
141.49   0.0160
145.3   0.0160
149.22   0.0160
153.25   0.0160
157.38   0.0160
161.63   0.0160
165.99   0.0160
170.47   0.0160
175.07   0.0160
179.79   0.0160
184.65   0.0160
189.63   0.0160
194.74   0.0160
200   0.0160
