22.2723  233.656
22.2946  181.064
22.3169  121.613
22.3393  91.8218
22.4288  59.3142
22.4512  73.6887
22.5187  48.8546
22.6089  40.6438
22.7905  33.4766
22.9966  26.1761
23.2509  21.4526
23.5787  17.4763
23.8634  15.0871
24.1756  12.9856
24.6394  10.9774
25.0869  9.49575
25.5426  8.27173
25.9286  7.32903
26.5584  6.5198
27.3672  5.7537
28.5697  4.88829
29.9745  4.16969
31.5428  3.57099
33.2264  3.05824
34.9999  2.64545
37.0900  2.27014
39.5018  1.92676
42.1126  1.64187
44.7614  1.4231
47.7198  1.2212
51.6942  1.02105
55.6647  0.86921
61.0899  0.71379
67.1780  0.58382
74.5407  0.47276
81.5606  0.39449
89.2415  0.32851
98.0371  0.27303
110.426  0.21823
123.760  0.17549
139.260  0.14111
154.368  0.1174
171.287  0.09835
192.933  0.08044
213.437  0.06841
242.825  0.05612
268.095  0.04850
294.519  0.04237
324.194  0.03709
353.309  0.03316
381.970  0.03025
410.487  0.02773
453.204  0.02489
493.411  0.02288
530.247  0.02142
564.163  0.02042
599.049  0.01956
643.128  0.01873
684.948  0.01807
741.995  0.01743
797.389  0.01690
862.076  0.01645
949.887  0.01593
1037.26  0.01552
1138.35  0.01518
1236.87  0.01488
1349.30  0.01462
1486.74  0.01434
1630.01  0.01412
1783.51  0.01395
1959.29  0.01381
2167.52  0.01368
2393.09  0.01356
2802.70  0.01347
10000.0  0.01329