23.39090 302.43000
23.43770 248.35300
23.48460 213.11900
23.53160 173.09600
23.57870 140.87100
23.62600 119.20500
23.74440 93.67670
23.95900 78.24530
24.15150 65.35600
24.44300 53.50890
24.66400 45.23390
24.98680 37.10850
25.28840 32.13180
25.59370 27.76690
25.95450 24.33330
26.37310 21.36690
26.93280 18.57550
27.47690 16.19730
28.00400 14.36570
28.62690 12.90790
29.29290 11.56340
30.06450 10.42120
31.01110 9.33569
31.92360 8.53217
33.42640 7.50706
35.03490 6.59191
37.50020 5.54470
40.38050 4.60362
42.53580 4.05862
45.03080 3.54253
48.19940 3.04299
51.90140 2.56213
55.38710 2.23634
60.18040 1.87919
64.73780 1.60936
70.12970 1.36593
74.46620 1.20664
79.70610 1.04900
85.14420 0.91836
95.23480 0.73186
108.45600 0.56374
119.14500 0.46853
130.88800 0.39135
146.10700 0.31564
159.22900 0.26603
174.92200 0.22220
190.06100 0.19106
209.83900 0.15943
230.29100 0.13545
259.65200 0.11023
290.71500 0.09088
326.47200 0.07448
374.03300 0.05971
412.54400 0.05160
460.05400 0.04411
498.37000 0.03943
530.77800 0.03608
566.42400 0.03337
600.84900 0.03111
638.64100 0.02913
682.89600 0.02702
732.41200 0.02524
771.50500 0.02401
824.14200 0.02266
875.98000 0.02160
926.43400 0.02073
971.98700 0.02006
1027.97000 0.01941
1113.58000 0.01857
1199.11000 0.01795
1277.09000 0.01745
1383.45000 0.01689
1485.25000 0.01644
1585.00000 0.01606
1674.62000 0.01578
1787.08000 0.01545
1905.20000 0.01517
2018.96000 0.01496
2139.53000 0.01481
2294.66000 0.01465
2456.12000 0.01449
2631.58000 0.01436
2783.15000 0.01426
2925.85000 0.01421
3144.28000 0.01411
3389.17000 0.01404
3764.39000 0.01392
4081.99000 0.01384
4657.99000 0.01377
5482.63000 0.01367
6237.53000 0.01361
10000.00000 0.01351
