30.0345  303.946
30.1247  270.657
30.2152  229.488
30.3971  178.19
30.5800  141.012
30.7640  114.76
30.9492  93.7704
31.1043  76.0088
31.3228  58.7827
31.4798  46.8451
31.5744  36.301
31.7009  30.1398
31.7962  24.6763
31.9875  20.902
32.1800  17.9905
32.4710  15.7658
32.8301  13.5833
33.2597  12.0112
33.8638  10.4839
34.5133  9.07791
35.2811  7.84475
36.0298  6.90222
37.1271  5.90526
38.2195  5.08779
39.5018  4.3442
40.6235  3.84911
42.0284  3.37313
43.6999  2.95011
45.3471  2.62175
47.1506  2.32528
49.5185  2.02555
52.2660  1.75039
55.0557  1.52629
57.9944  1.33621
60.7244  1.19344
64.2220  1.05005
67.7176  0.92666
72.6277  0.79123
77.8938  0.67762
84.8891  0.566
92.8835  0.47087
99.6183  0.40731
109.218  0.33852
120.102  0.28134
131.807  0.23617
144.654  0.19727
159.388  0.16346
174.748  0.13749
195.849  0.11279
214.937  0.09621
241.856  0.07909
267.560  0.06753
297.182  0.05754
326.798  0.05012
357.217  0.04423
397.559  0.03845
434.999  0.03452
481.229  0.03080
536.648  0.02751
586.600  0.02524
644.415  0.02314
713.615  0.02117
766.123  0.02003
828.273  0.01896
896.361  0.01805
966.173  0.01740
1024.89  0.01692
1114.70  0.01635
1212.38  0.01588
1309.42  0.01552
1415.64  0.01525
1544.32  0.01494
1718.73  0.01463
1901.39  0.01434
2145.96  0.01409
2400.28  0.01388
2615.84  0.01377
2902.54  0.01366
3191.80  0.01363
3798.42  0.01359
10000.0  0.01329