29.58730 303.64200
29.61690 281.13900
29.76540 250.59800
30.03450 211.42100
30.27570 178.54600
30.54940 150.63300
30.82560 128.36100
31.19780 104.25600
31.44830 87.86920
31.92360 72.66420
32.30900 60.75490
32.73180 51.92750
33.22640 44.29390
33.72860 37.14560
34.37560 31.59020
34.96490 27.90610
35.67130 24.04300
36.42830 20.98580
37.20140 18.55690
38.29600 15.76580
39.14790 13.99700
39.85890 12.53900
40.82710 11.33440
41.69350 10.30720
42.74900 9.41067
44.13910 8.44728
46.26320 7.24886
48.05500 6.44847
50.26690 5.61164
52.52800 4.96713
54.72640 4.44528
57.87850 3.82991
62.44870 3.16401
65.97960 2.75341
71.04730 2.31600
75.36520 2.01544
81.88750 1.67672
90.95330 1.33487
98.62710 1.13183
105.99000 0.97320
112.99500 0.85457
122.65100 0.72749
133.93300 0.61130
147.87100 0.50552
161.95900 0.42309
179.17100 0.34953
197.81700 0.29137
214.72200 0.24953
238.73200 0.20450
272.14700 0.16087
307.15200 0.13001
344.58600 0.10591
386.58200 0.08723
434.99900 0.07228
476.91700 0.06259
516.63800 0.05518
586.01400 0.04614
632.28700 0.04158
685.63300 0.03728
750.95300 0.03337
817.57500 0.03037
887.44200 0.02784
955.60300 0.02588
1011.65000 0.02438
1069.92000 0.02323
1118.05000 0.02232
1170.68000 0.02143
1265.65000 0.02026
1352.00000 0.01931
1417.06000 0.01878
1500.18000 0.01815
1572.37000 0.01772
1659.61000 0.01730
1749.95000 0.01690
1854.44000 0.01655
1994.88000 0.01614
2133.12000 0.01584
2296.96000 0.01551
2475.85000 0.01525
2711.72000 0.01493
2917.09000 0.01471
3156.88000 0.01448
3423.23000 0.01428
3675.12000 0.01412
3961.35000 0.01398
4218.94000 0.01387
4593.24000 0.01377
5101.76000 0.01366
5827.48000 0.01358
6831.78000 0.01353
10000.00000 0.01351
