1   9.0000
1.027   7.9970
1.055   7.1050
1.083   6.3130
1.112   5.6100
1.142   5.0020
1.173   4.6490
1.205   4.3220
1.237   4.0170
1.271   3.7340
1.305   3.4700
1.34   3.2260
1.376   3.0070
1.414   2.8420
1.452   2.6870
1.491   2.5390
1.531   2.4000
1.572   2.2690
1.615   2.1450
1.658   2.0270
1.703   1.9440
1.749   1.8660
1.796   1.7900
1.845   1.7180
1.895   1.6490
1.946   1.5820
1.998   1.5180
2.052   1.4570
2.107   1.3980
2.164   1.3420
2.223   1.2990
2.283   1.2620
2.344   1.2260
2.408   1.1910
2.473   1.1570
2.539   1.1240
2.608   1.0920
2.678   1.0610
2.75   1.0310
2.825   1.0010
2.901   0.9730
2.979   0.9450
3.059   0.9180
3.142   0.8930
3.227   0.8710
3.314   0.8500
3.403   0.8290
3.495   0.8080
3.589   0.7880
3.686   0.7690
3.786   0.7500
3.888   0.7310
3.993   0.7140
4.101   0.7000
4.211   0.6860
4.325   0.6720
4.441   0.6580
4.561   0.6450
4.684   0.6320
4.811   0.6200
4.941   0.6070
5.074   0.5950
5.211   0.5840
5.351   0.5770
5.496   0.5700
5.644   0.5640
5.796   0.5570
5.953   0.5500
6.113   0.5440
6.278   0.5370
6.448   0.5310
6.622   0.5250
6.8   0.5190
6.984   0.5120
7.172   0.5070
7.366   0.5020
7.565   0.4970
7.769   0.4920
7.978   0.4880
8.194   0.4830
8.415   0.4780
8.642   0.4740
8.875   0.4690
9.114   0.4650
9.36   0.4600
9.613   0.4580
9.872   0.4560
10.139   0.4540
10.412   0.4520
10.693   0.4500
10.982   0.4480
11.278   0.4460
11.582   0.4440
11.895   0.4420
12.216   0.4400
12.545   0.4380
12.884   0.4360
13.231   0.4350
13.588   0.4330
13.955   0.4310
14.332   0.4305
14.718   0.4300
15.115   0.4295
15.523   0.4290
15.942   0.4285
16.372   0.4280
16.814   0.4275
17.268   0.4270
17.734   0.4265
18.212   0.4260
18.704   0.4255
19.208   0.4250
19.727   0.4245
20.259   0.4240
20.805   0.4235
21.367   0.4230
21.943   0.4225
22.535   0.4220
23.144   0.4219
23.768   0.4219
24.409   0.4218
25.068   0.4218
25.744   0.4217
26.439   0.4217
27.152   0.4216
27.885   0.4216
28.637   0.4215
29.41   0.4215
30.204   0.4214
31.019   0.4214
31.856   0.4213
32.715   0.4213
33.598   0.4212
34.504   0.4212
35.435   0.4211
36.392   0.4211
37.373   0.4210
38.382   0.4210
39.418   0.4210
40.481   0.4210
41.573   0.4210
42.695   0.4210
43.847   0.4210
45.03   0.4210
46.245   0.4210
47.493   0.4210
48.775   0.4210
50.091   0.4210
51.442   0.4210
52.83   0.4210
54.256   0.4210
55.72   0.4210
57.223   0.4210
58.767   0.4210
60.353   0.4210
61.981   0.4210
63.654   0.4210
65.371   0.4210
67.135   0.4210
68.946   0.4210
70.807   0.4210
72.717   0.4210
74.679   0.4210
76.694   0.4210
78.764   0.4210
80.889   0.4210
83.072   0.4210
85.313   0.4210
87.615   0.4210
89.979   0.4210
92.407   0.4210
94.9   0.4210
97.461   0.4210
100.09   0.4210
102.79   0.4210
105.57   0.4210
108.41   0.4210
111.34   0.4210
114.34   0.4210
117.43   0.4210
120.6   0.4210
123.85   0.4210
127.19   0.4210
130.62   0.4210
134.15   0.4210
137.77   0.4210
141.49   0.4210
145.3   0.4210
149.22   0.4210
153.25   0.4210
157.38   0.4210
161.63   0.4210
165.99   0.4210
170.47   0.4210
175.07   0.4210
179.79   0.4210
184.65   0.4210
189.63   0.4210
194.74   0.4210
200   0.4210
