370.311  533.71
370.681  605.984
371.052  463.985
372.167  411.929
373.285  382.547
375.908  353.489
379.685  329.261
381.589  307.616
385.038  287.968
389.297  266.36
394.391  246.374
401.554  227.204
411.308  204.558
422.565  180.341
430.670  163.506
441.573  145.162
451.847  128.876
463.749  112.939
472.644  102.293
482.192  92.282
492.425  82.0107
500.368  73.1015
508.947  65.4868
517.155  58.1978
524.971  51.4108
532.372  45.0533
539.338  39.2852
543.670  33.9146
549.684  29.249
556.320  25.4788
563.036  22.1502
570.974  18.9508
582.508  15.9561
592.495  13.8162
604.465  11.7147
617.293  10.0527
629.133  8.90706
639.920  7.93151
652.847  6.92989
671.385  5.94674
682.896  5.37545
697.389  4.80109
715.759  4.20318
733.145  3.72789
747.208  3.38327
763.828  3.05213
787.878  2.69889
817.575  2.37225
849.241  2.08306
887.442  1.80009
929.217  1.56493
971.987  1.3673
1015.71  1.20664
1076.36  1.02823
1146.35  0.87357
1212.38  0.75490
1282.21  0.66023
1361.50  0.57398
1428.44  0.51367
1507.70  0.45650
1599.33  0.40245
1715.29  0.34570
1858.16  0.29283
2037.22  0.24215
2235.77  0.20166
2405.08  0.17391
2569.18  0.15210
2741.72  0.13356
2922.93  0.11858
3106.77  0.10612
3302.19  0.09573
3461.09  0.08793
3704.64  0.07822
3886.80  0.07228
4118.90  0.06566
4382.35  0.05965
4634.76  0.05463
4882.15  0.05038
5127.33  0.04706
5444.39  0.04323
5740.72  0.04035
5998.95  0.03803
6275.07  0.03593
6603.40  0.03380
6976.76  0.03164
7393.38  0.02974
7788.01  0.02820
8113.95  0.02702
8512.92  0.02572
8994.24  0.02435
9617.50  0.02291
10000.0  0.02214