37.16420 300.62100
37.20140 272.01300
37.27590 236.95000
37.46270 209.94600
37.68820 173.27000
37.91500 147.94600
38.18130 122.34500
38.56500 99.76820
38.95260 82.50420
39.46230 69.39730
40.05870 55.74840
40.78630 46.00950
41.52710 38.23860
42.45080 31.33850
43.39510 26.57170
44.22750 23.56690
45.30180 20.18310
46.44860 17.59900
47.71980 15.20830
48.68380 13.65140
50.31720 11.76160
52.00530 10.46300
54.01950 9.24280
55.77610 8.40515
58.51870 7.28519
60.84600 6.45493
63.39250 5.78833
66.44310 5.07762
69.36250 4.53055
72.91880 4.00219
76.50420 3.55317
80.18580 3.17352
84.97400 2.77553
90.77150 2.38892
96.96460 2.06853
103.78700 1.78397
111.53500 1.53547
123.14200 1.24214
132.73300 1.06698
145.23300 0.89122
162.28300 0.71379
179.88900 0.57859
200.40500 0.46759
217.74900 0.39686
242.34000 0.32298
270.24900 0.26259
302.88200 0.21243
330.41300 0.17868
364.43300 0.14924
403.97100 0.12379
450.49300 0.10227
491.93300 0.08837
537.18500 0.07675
588.95100 0.06646
641.84300 0.05847
696.69200 0.05186
755.47200 0.04609
800.58500 0.04255
846.69700 0.03920
899.95300 0.03622
969.07600 0.03313
1049.78000 0.03022
1133.81000 0.02779
1239.35000 0.02537
1321.26000 0.02389
1383.45000 0.02296
1457.30000 0.02188
1525.90000 0.02100
1618.64000 0.02018
1699.93000 0.01952
1772.84000 0.01900
1905.20000 0.01831
2025.03000 0.01777
2116.12000 0.01744
2229.07000 0.01704
2338.68000 0.01675
2480.81000 0.01639
2658.03000 0.01602
2867.91000 0.01570
3039.17000 0.01548
3236.80000 0.01525
3454.18000 0.01501
3682.47000 0.01478
3890.68000 0.01461
4168.62000 0.01439
4506.79000 0.01421
4906.62000 0.01402
5251.87000 0.01390
5621.42000 0.01379
6120.14000 0.01367
6750.29000 0.01355
10000.00000 0.01351
