1   0.4000
1.027   0.3700
1.055   0.3420
1.083   0.3160
1.112   0.2920
1.142   0.2700
1.173   0.2500
1.205   0.2310
1.237   0.2130
1.271   0.1970
1.305   0.1820
1.34   0.1680
1.376   0.1560
1.414   0.1440
1.452   0.1360
1.491   0.1300
1.531   0.1230
1.572   0.1170
1.615   0.1120
1.658   0.1060
1.703   0.1010
1.749   0.0960
1.796   0.0920
1.845   0.0870
1.895   0.0830
1.946   0.0790
1.998   0.0750
2.052   0.0720
2.107   0.0680
2.164   0.0650
2.223   0.0620
2.283   0.0600
2.344   0.0580
2.408   0.0550
2.473   0.0530
2.539   0.0510
2.608   0.0490
2.678   0.0470
2.75   0.0450
2.825   0.0440
2.901   0.0420
2.979   0.0400
3.059   0.0390
3.142   0.0380
3.227   0.0370
3.314   0.0350
3.403   0.0340
3.495   0.0330
3.589   0.0320
3.686   0.0310
3.786   0.0300
3.888   0.0295
3.993   0.0290
4.101   0.0280
4.211   0.0270
4.325   0.0260
4.441   0.0250
4.561   0.0245
4.684   0.0240
4.811   0.0235
4.941   0.0230
5.074   0.0220
5.211   0.0215
5.351   0.0210
5.496   0.0205
5.644   0.0200
5.796   0.0195
5.953   0.0190
6.113   0.0187
6.278   0.0183
6.448   0.0180
6.622   0.0177
6.8   0.0173
6.984   0.0170
7.172   0.0168
7.366   0.0167
7.565   0.0165
7.769   0.0163
7.978   0.0162
8.194   0.0160
8.415   0.0159
8.642   0.0158
8.875   0.0157
9.114   0.0155
9.36   0.0154
9.613   0.0153
9.872   0.0152
10.139   0.0151
10.412   0.0150
10.693   0.0149
10.982   0.0149
11.278   0.0148
11.582   0.0148
11.895   0.0147
12.216   0.0147
12.545   0.0146
12.884   0.0146
13.231   0.0145
13.588   0.0145
13.955   0.0144
14.332   0.0144
14.718   0.0143
15.115   0.0143
15.523   0.0142
15.942   0.0142
16.372   0.0141
16.814   0.0141
17.268   0.0140
17.734   0.0140
18.212   0.0140
18.704   0.0140
19.208   0.0140
19.727   0.0140
20.259   0.0140
20.805   0.0140
21.367   0.0140
21.943   0.0140
22.535   0.0140
23.144   0.0140
23.768   0.0140
24.409   0.0140
25.068   0.0140
25.744   0.0140
26.439   0.0140
27.152   0.0140
27.885   0.0140
28.637   0.0140
29.41   0.0140
30.204   0.0140
31.019   0.0140
31.856   0.0140
32.715   0.0140
33.598   0.0140
34.504   0.0140
35.435   0.0140
36.392   0.0140
37.373   0.0140
38.382   0.0140
39.418   0.0140
40.481   0.0140
41.573   0.0140
42.695   0.0140
43.847   0.0140
45.03   0.0140
46.245   0.0140
47.493   0.0140
48.775   0.0140
50.091   0.0140
51.442   0.0140
52.83   0.0140
54.256   0.0140
55.72   0.0140
57.223   0.0140
58.767   0.0140
60.353   0.0140
61.981   0.0140
63.654   0.0140
65.371   0.0140
67.135   0.0140
68.946   0.0140
70.807   0.0140
72.717   0.0140
74.679   0.0140
76.694   0.0140
78.764   0.0140
80.889   0.0140
83.072   0.0140
85.313   0.0140
87.615   0.0140
89.979   0.0140
92.407   0.0140
94.9   0.0140
97.461   0.0140
100.09   0.0140
102.79   0.0140
105.57   0.0140
108.41   0.0140
111.34   0.0140
114.34   0.0140
117.43   0.0140
120.6   0.0140
123.85   0.0140
127.19   0.0140
130.62   0.0140
134.15   0.0140
137.77   0.0140
141.49   0.0140
145.3   0.0140
149.22   0.0140
153.25   0.0140
157.38   0.0140
161.63   0.0140
165.99   0.0140
170.47   0.0140
175.07   0.0140
179.79   0.0140
184.65   0.0140
189.63   0.0140
194.74   0.0140
200   0.0140
