1  50.3440
1.027  45.2360
1.055  40.6460
1.083  36.5220
1.112  32.8170
1.142  29.4870
1.173  26.4950
1.205  23.8070
1.237  21.3910
1.271  19.2210
1.305  17.2710
1.34  15.5190
1.376  14.3590
1.414  13.4320
1.452  12.5650
1.491  11.7540
1.531  10.9950
1.572  10.2850
1.615   9.6210
1.658   9.0000
1.703   8.4190
1.749   7.8760
1.796   7.3670
1.845   6.9160
1.895   6.5440
1.946   6.1930
1.998   5.8600
2.052   5.5450
2.107   5.2480
2.164   4.9660
2.223   4.6990
2.283   4.4470
2.344   4.2080
2.408   3.9830
2.473   3.7720
2.539   3.5710
2.608   3.3810
2.678   3.2010
2.75   3.0310
2.825   2.8700
2.901   2.7170
2.979   2.5730
3.059   2.4420
3.142   2.3200
3.227   2.2050
3.314   2.0960
3.403   1.9920
3.495   1.8930
3.589   1.7990
3.686   1.7100
3.786   1.6250
3.888   1.5550
3.993   1.4920
4.101   1.4330
4.211   1.3760
4.325   1.3210
4.441   1.2680
4.561   1.2170
4.684   1.1690
4.811   1.1220
4.941   1.0800
5.074   1.0520
5.211   1.0250
5.351   0.9980
5.496   0.9730
5.644   0.9480
5.796   0.9230
5.953   0.8990
6.113   0.8760
6.278   0.8540
6.448   0.8320
6.622   0.8110
6.8   0.7920
6.984   0.7740
7.172   0.7560
7.366   0.7380
7.565   0.7210
7.769   0.7050
7.978   0.6880
8.194   0.6720
8.415   0.6570
8.642   0.6420
8.875   0.6270
9.114   0.6120
9.36   0.5990
9.613   0.5910
9.872   0.5830
10.139   0.5750
10.412   0.5670
10.693   0.5590
10.982   0.5510
11.278   0.5430
11.582   0.5360
11.895   0.5280
12.216   0.5210
12.545   0.5180
12.884   0.5140
13.231   0.5110
13.588   0.5070
13.955   0.5040
14.332   0.5010
14.718   0.4970
15.115   0.4940
15.523   0.4900
15.942   0.4870
16.372   0.4850
16.814   0.4820
17.268   0.4800
17.734   0.4780
18.212   0.4760
18.704   0.4730
19.208   0.4710
19.727   0.4690
20.259   0.4685
20.805   0.4680
21.367   0.4677
21.943   0.4673
22.535   0.4670
23.144   0.4667
23.768   0.4665
24.409   0.4662
25.068   0.4660
25.744   0.4657
26.439   0.4653
27.152   0.4650
27.885   0.4649
28.637   0.4649
29.41   0.4648
30.204   0.4648
31.019   0.4647
31.856   0.4647
32.715   0.4646
33.598   0.4646
34.504   0.4645
35.435   0.4645
36.392   0.4644
37.373   0.4644
38.382   0.4643
39.418   0.4643
40.481   0.4642
41.573   0.4642
42.695   0.4641
43.847   0.4641
45.03   0.4640
46.245   0.4640
47.493   0.4640
48.775   0.4640
50.091   0.4640
51.442   0.4640
52.83   0.4640
54.256   0.4640
55.72   0.4640
57.223   0.4640
58.767   0.4640
60.353   0.4640
61.981   0.4640
63.654   0.4640
65.371   0.4640
67.135   0.4640
68.946   0.4640
70.807   0.4640
72.717   0.4640
74.679   0.4640
76.694   0.4640
78.764   0.4640
80.889   0.4640
83.072   0.4640
85.313   0.4640
87.615   0.4640
89.979   0.4640
92.407   0.4640
94.9   0.4640
97.461   0.4640
100.09   0.4640
102.79   0.4640
105.57   0.4640
108.41   0.4640
111.34   0.4640
114.34   0.4640
117.43   0.4640
120.6   0.4640
123.85   0.4640
127.19   0.4640
130.62   0.4640
134.15   0.4640
137.77   0.4640
141.49   0.4640
145.3   0.4640
149.22   0.4640
153.25   0.4640
157.38   0.4640
161.63   0.4640
165.99   0.4640
170.47   0.4640
175.07   0.4640
179.79   0.4640
184.65   0.4640
189.63   0.4640
194.74   0.4640
200   0.4640
