1  14.6550
1.027  13.8630
1.055  13.1140
1.083  12.4050
1.112  11.7350
1.142  11.1010
1.173  10.5010
1.205   9.9340
1.237   9.3970
1.271   8.8890
1.305   8.4090
1.34   7.9720
1.376   7.5600
1.414   7.1700
1.452   6.8000
1.491   6.4480
1.531   6.1150
1.572   5.8000
1.615   5.5000
1.658   5.2160
1.703   4.9470
1.749   4.6990
1.796   4.4750
1.845   4.2620
1.895   4.0590
1.946   3.8660
1.998   3.6810
2.052   3.5060
2.107   3.3390
2.164   3.1800
2.223   3.0400
2.283   2.9250
2.344   2.8140
2.408   2.7070
2.473   2.6050
2.539   2.5060
2.608   2.4110
2.678   2.3190
2.75   2.2310
2.825   2.1470
2.901   2.0650
2.979   1.9870
3.059   1.9160
3.142   1.8520
3.227   1.7900
3.314   1.7300
3.403   1.6730
3.495   1.6170
3.589   1.5630
3.686   1.5110
3.786   1.4600
3.888   1.4110
3.993   1.3640
4.101   1.3190
4.211   1.2820
4.325   1.2470
4.441   1.2130
4.561   1.1790
4.684   1.1460
4.811   1.1150
4.941   1.0840
5.074   1.0540
5.211   1.0250
5.351   0.9970
5.496   0.9690
5.644   0.9420
5.796   0.9220
5.953   0.9050
6.113   0.8870
6.278   0.8700
6.448   0.8540
6.622   0.8370
6.8   0.8210
6.984   0.8060
7.172   0.7900
7.366   0.7750
7.565   0.7600
7.769   0.7460
7.978   0.7350
8.194   0.7240
8.415   0.7140
8.642   0.7040
8.875   0.6940
9.114   0.6840
9.36   0.6740
9.613   0.6650
9.872   0.6550
10.139   0.6460
10.412   0.6370
10.693   0.6280
10.982   0.6190
11.278   0.6100
11.582   0.6050
11.895   0.6000
12.216   0.5950
12.545   0.5900
12.884   0.5850
13.231   0.5810
13.588   0.5760
13.955   0.5710
14.332   0.5670
14.718   0.5620
15.115   0.5580
15.523   0.5550
15.942   0.5530
16.372   0.5520
16.814   0.5500
17.268   0.5480
17.734   0.5470
18.212   0.5450
18.704   0.5430
19.208   0.5420
19.727   0.5400
20.259   0.5390
20.805   0.5370
21.367   0.5350
21.943   0.5340
22.535   0.5320
23.144   0.5310
23.768   0.5290
24.409   0.5280
25.068   0.5280
25.744   0.5280
26.439   0.5280
27.152   0.5280
27.885   0.5280
28.637   0.5280
29.41   0.5280
30.204   0.5280
31.019   0.5280
31.856   0.5280
32.715   0.5280
33.598   0.5280
34.504   0.5280
35.435   0.5280
36.392   0.5280
37.373   0.5280
38.382   0.5280
39.418   0.5280
40.481   0.5280
41.573   0.5280
42.695   0.5280
43.847   0.5280
45.03   0.5280
46.245   0.5280
47.493   0.5280
48.775   0.5280
50.091   0.5280
51.442   0.5280
52.83   0.5280
54.256   0.5280
55.72   0.5280
57.223   0.5280
58.767   0.5280
60.353   0.5280
61.981   0.5280
63.654   0.5280
65.371   0.5280
67.135   0.5280
68.946   0.5280
70.807   0.5280
72.717   0.5280
74.679   0.5280
76.694   0.5280
78.764   0.5280
80.889   0.5280
83.072   0.5280
85.313   0.5280
87.615   0.5280
89.979   0.5280
92.407   0.5280
94.9   0.5280
97.461   0.5280
100.09   0.5280
102.79   0.5280
105.57   0.5280
108.41   0.5280
111.34   0.5280
114.34   0.5280
117.43   0.5280
120.6   0.5280
123.85   0.5280
127.19   0.5280
130.62   0.5280
134.15   0.5280
137.77   0.5280
141.49   0.5280
145.3   0.5280
149.22   0.5280
153.25   0.5280
157.38   0.5280
161.63   0.5280
165.99   0.5280
170.47   0.5280
175.07   0.5280
179.79   0.5280
184.65   0.5280
189.63   0.5280
194.74   0.5280
200   0.5280
