578.44500 603.56500
580.76300 539.07400
583.09100 473.35800
585.42800 413.16700
588.95100 359.54900
594.87000 310.70700
600.84900 273.92400
608.71100 249.84700
616.67600 227.20400
626.62200 208.06500
636.72800 192.06800
650.89200 174.48700
666.70200 159.94800
682.21400 147.50300
698.78500 136.98200
720.06600 124.31800
741.99500 112.03900
766.12300 99.36990
788.66600 88.66360
809.44000 79.98580
833.25800 70.79930
853.49800 63.99780
873.35600 58.13970
899.05400 51.10320
923.65900 45.36980
943.26100 41.13450
967.14000 36.73930
980.77500 34.08460
997.59000 31.40120
1015.71000 28.58400
1035.19000 25.68340
1060.33000 22.28350
1079.59000 20.12260
1102.50000 17.74040
1122.53000 15.97210
1145.20000 14.42330
1177.72000 12.74120
1218.45000 11.04350
1258.08000 9.68758
1297.69000 8.50662
1350.65000 7.25611
1397.36000 6.36519
1448.58000 5.54470
1497.18000 4.90298
1561.40000 4.19479
1631.64000 3.59967
1696.53000 3.16085
1764.00000 2.75892
1837.83000 2.41534
1924.34000 2.09350
2006.89000 1.84013
2124.60000 1.56649
2233.53000 1.37553
2374.02000 1.17097
2525.87000 1.01393
2692.81000 0.87358
2842.22000 0.77946
3054.41000 0.66754
3338.71000 0.54927
3595.15000 0.46619
3871.28000 0.39885
4291.28000 0.32721
4681.34000 0.27661
5158.19000 0.22920
5621.42000 0.19395
6010.96000 0.17133
6421.07000 0.15120
7011.73000 0.12884
7385.99000 0.11728
7866.28000 0.10559
8344.35000 0.09574
8994.24000 0.08500
9636.76000 0.07629
10000.00000 0.07243
