46.9623  303.339
47.1506  266.36
47.3395  225.619
47.6244  178.012
47.9110  141.719
48.2959  101.073
48.6838  73.0284
49.1239  54.2091
49.4690  41.382
49.8165  34.1187
50.5188  26.4127
51.2311  21.2179
51.9533  17.8115
52.7913  15.0119
53.8039  12.464
54.9457  10.5364
56.4495  8.60931
57.9364  7.30708
59.7008  6.10949
61.5805  5.1184
63.7103  4.44083
65.5849  3.94655
68.1251  3.44472
70.1998  3.10136
72.9188  2.76445
75.9706  2.42502
78.9919  2.17242
82.5452  1.93062
87.1252  1.67002
92.1434  1.4533
96.6741  1.28767
101.529  1.14092
110.647  0.94161
121.188  0.77015
133.532  0.62677
148.910  0.50099
158.911  0.43860
176.680  0.35516
193.126  0.29785
215.152  0.24095
242.340  0.19259
270.790  0.15595
302.579  0.12807
335.406  0.10708
379.306  0.08662
427.239  0.07142
502.373  0.05584
573.836  0.04604
662.714  0.03777
758.500  0.03199
845.005  0.02837
928.289  0.02578
1006.60  0.02377
1079.59  0.02232
1153.25  0.02110
1223.34  0.02034
1292.51  0.01964
1391.78  0.01881
1488.22  0.01814
1578.67  0.01766
1688.07  0.01719
1858.16  0.01653
2010.90  0.01608
2141.67  0.01577
2322.36  0.01543
2520.82  0.01512
2728.04  0.01484
3054.41  0.01449
3335.37  0.01427
3653.13  0.01407
4001.16  0.01389
4488.80  0.01371
5117.09  0.01353
10000.0  0.01329