57.1881  301.223
57.3026  260.825
57.5323  221.816
57.7051  185.647
57.9364  149.582
58.1686  125.067
58.3434  101.276
58.5187  83.8349
58.8120  68.3642
59.1068  55.3042
59.4625  43.4603
60.0001  35.5111
60.4820  29.1614
61.3347  23.1929
62.3240  18.9508
63.3925  15.7343
64.4150  13.5156
65.5194  11.6679
66.6427  10.1842
68.0570  8.79202
69.5013  7.7048
71.3321  6.62495
73.0647  5.8582
74.5407  5.3433
76.3514  4.82515
79.5468  4.20318
82.7932  3.67239
86.6906  3.18305
90.4996  2.78665
94.5705  2.46167
98.0371  2.22741
101.022  2.03774
105.356  1.8273
109.875  1.64352
115.162  1.46791
120.342  1.31632
128.939  1.12506
142.785  0.89658
155.764  0.74515
169.075  0.62803
183.157  0.53303
200.205  0.44612
219.059  0.37300
236.121  0.32169
256.812  0.27385
280.435  0.23150
309.001  0.19298
337.763  0.1633
371.795  0.13708
420.457  0.11045
465.142  0.09272
532.372  0.07418
585.428  0.06385
632.287  0.05663
685.633  0.05032
744.225  0.04495
791.827  0.04145
854.352  0.03747
919.052  0.03441
982.738  0.03186
1062.46  0.02938
1148.65  0.02712
1236.87  0.02529
1318.62  0.02382
1393.17  0.02272
1480.80  0.02159
1594.54  0.02042
1734.27  0.01929
1869.34  0.01838
2012.92  0.01773
2156.71  0.01719
2334.00  0.01663
2548.70  0.01609
2772.04  0.01566
3030.07  0.01531
3352.09  0.01493
3697.23  0.01460
4021.22  0.01436
4369.22  0.01414
4752.09  0.01396
5390.21  0.01378
6256.27  0.01360
10000.0  0.01340