1   7.9810
1.027   7.1500
1.055   6.4050
1.083   5.7380
1.112   5.1400
1.142   4.6810
1.173   4.3640
1.205   4.0690
1.237   3.7940
1.271   3.5370
1.305   3.2980
1.34   3.0750
1.376   2.8670
1.414   2.6730
1.452   2.4950
1.491   2.3770
1.531   2.2650
1.572   2.1590
1.615   2.0570
1.658   1.9610
1.703   1.8680
1.749   1.7800
1.796   1.6970
1.845   1.6170
1.895   1.5410
1.946   1.4680
1.998   1.3990
2.052   1.3330
2.107   1.2710
2.164   1.2130
2.223   1.1600
2.283   1.1090
2.344   1.0600
2.408   1.0140
2.473   0.9690
2.539   0.9270
2.608   0.8860
2.678   0.8470
2.75   0.8100
2.825   0.7750
2.901   0.7410
2.979   0.7080
3.059   0.6760
3.142   0.6440
3.227   0.6150
3.314   0.5860
3.403   0.5590
3.495   0.5330
3.589   0.5090
3.686   0.4850
3.786   0.4630
3.888   0.4420
3.993   0.4210
4.101   0.4020
4.211   0.3830
4.325   0.3660
4.441   0.3460
4.561   0.3250
4.684   0.3050
4.811   0.2870
4.941   0.2700
5.074   0.2530
5.211   0.2380
5.351   0.2220
5.496   0.2070
5.644   0.1930
5.796   0.1800
5.953   0.1680
6.113   0.1560
6.278   0.1450
6.448   0.1320
6.622   0.1210
6.8   0.1100
6.984   0.1000
7.172   0.0910
7.366   0.0820
7.565   0.0740
7.769   0.0670
7.978   0.0570
8.194   0.0470
8.415   0.0390
8.642   0.0360
8.875   0.0320
9.114   0.0300
9.36   0.0280
9.613   0.0270
9.872   0.0260
10.139   0.0250
10.412   0.0240
10.693   0.0230
10.982   0.0220
11.278   0.0215
11.582   0.0210
11.895   0.0200
12.216   0.0197
12.545   0.0193
12.884   0.0190
13.231   0.0185
13.588   0.0180
13.955   0.0177
14.332   0.0173
14.718   0.0170
15.115   0.0167
15.523   0.0165
15.942   0.0162
16.372   0.0160
16.814   0.0157
17.268   0.0155
17.734   0.0152
18.212   0.0150
18.704   0.0148
19.208   0.0146
19.727   0.0144
20.259   0.0142
20.805   0.0140
21.367   0.0139
21.943   0.0137
22.535   0.0136
23.144   0.0135
23.768   0.0134
24.409   0.0132
25.068   0.0131
25.744   0.0130
26.439   0.0129
27.152   0.0129
27.885   0.0128
28.637   0.0128
29.41   0.0127
30.204   0.0127
31.019   0.0126
31.856   0.0126
32.715   0.0125
33.598   0.0125
34.504   0.0124
35.435   0.0124
36.392   0.0123
37.373   0.0123
38.382   0.0122
39.418   0.0122
40.481   0.0121
41.573   0.0121
42.695   0.0120
43.847   0.0120
45.03   0.0120
46.245   0.0120
47.493   0.0120
48.775   0.0120
50.091   0.0120
51.442   0.0120
52.83   0.0120
54.256   0.0120
55.72   0.0120
57.223   0.0120
58.767   0.0120
60.353   0.0120
61.981   0.0120
63.654   0.0120
65.371   0.0120
67.135   0.0120
68.946   0.0120
70.807   0.0120
72.717   0.0120
74.679   0.0120
76.694   0.0120
78.764   0.0120
80.889   0.0120
83.072   0.0120
85.313   0.0120
87.615   0.0120
89.979   0.0120
92.407   0.0120
94.9   0.0120
97.461   0.0120
100.09   0.0120
102.79   0.0120
105.57   0.0120
108.41   0.0120
111.34   0.0120
114.34   0.0120
117.43   0.0120
120.6   0.0120
123.85   0.0120
127.19   0.0120
130.62   0.0120
134.15   0.0120
137.77   0.0120
141.49   0.0120
145.3   0.0120
149.22   0.0120
153.25   0.0120
157.38   0.0120
161.63   0.0120
165.99   0.0120
170.47   0.0120
175.07   0.0120
179.79   0.0120
184.65   0.0120
189.63   0.0120
194.74   0.0120
200   0.0120
