17.9098  174.138
17.9277  247.361
17.9456  301.826
17.9636  119.205
17.9995  86.388
18.0898  65.5523
18.2533  49.9413
18.4367  39.2459
18.6220  30.2303
18.8092  23.9231
19.0935  19.0457
19.4208  15.3458
19.8528  12.5014
20.2944  10.2763
20.6630  8.69584
21.1226  7.47709
21.7224  6.47432
22.3616  5.69076
23.1350  4.99702
24.0070  4.38348
25.3644  3.64677
27.1220  2.96786
28.6842  2.52147
30.4884  2.12514
32.1800  1.8383
33.9655  1.59974
36.2829  1.35912
39.4623  1.11387
43.0063  0.91378
47.2922  0.73921
52.1094  0.59621
57.3599  0.48473
62.4487  0.40691
68.9475  0.33515
74.8395  0.28275
84.2127  0.22398
94.7598  0.17796
105.672  0.14527
117.842  0.11917
130.757  0.09974
144.076  0.08474
160.187  0.07163
176.857  0.06147
193.126  0.05397
214.507  0.04655
236.357  0.04083
262.787  0.03582
296.588  0.03123
323.223  0.02837
349.794  0.02606
372.912  0.02427
402.761  0.02252
434.564  0.02098
474.539  0.01954
508.947  0.01858
548.585  0.01786
591.312  0.01731
645.060  0.01668
703.694  0.01617
781.600  0.01568
869.869  0.01531
964.242  0.01496
1070.99  0.01460
1167.17  0.01434
1271.99  0.01416
1391.78  0.01399
1524.37  0.01385
1652.99  0.01374
1803.24  0.01366
2086.70  0.01356
2385.92  0.01351
2763.74  0.01348
10000.0  0.01329