0.00000 0.00000
18.08980 302.12800
18.16230 263.44700
18.18040 187.70100
18.21680 149.43300
18.32650 122.22300
18.39990 99.46940
18.65930 77.85510
18.86570 64.25430
19.15080 52.34450
19.49870 41.58950
19.85280 33.88070
20.21340 27.71140
20.58050 23.61410
21.03830 20.06230
21.61410 16.95980
22.22780 14.23700
22.79050 12.48890
23.41430 11.19920
24.22400 9.88328
25.23790 8.67846
26.32040 7.68941
27.69760 6.70493
29.79520 5.63413
32.08360 4.67787
34.03350 4.03434
35.95780 3.53545
37.99090 3.09516
40.46130 2.66670
42.66360 2.34396
47.62440 1.83096
52.16160 1.48118
57.99440 1.17215
63.71030 0.95013
69.01650 0.79839
78.36250 0.61008
89.33070 0.46900
104.72500 0.34022
116.20300 0.27578
132.86600 0.21264
147.13400 0.17619
166.22500 0.14225
185.18300 0.11787
203.43400 0.09984
225.95700 0.08331
249.97100 0.07022
276.53700 0.05983
306.84500 0.05119
338.10000 0.04446
379.30600 0.03800
431.96400 0.03248
483.15800 0.02881
529.71700 0.02619
581.92600 0.02406
647.64500 0.02199
689.76000 0.02090
749.45300 0.01970
803.79400 0.01889
869.86900 0.01808
938.55600 0.01744
1018.76000 0.01684
1101.40000 0.01639
1176.55000 0.01600
1254.31000 0.01567
1338.55000 0.01539
1421.32000 0.01514
1525.90000 0.01493
1634.90000 0.01473
1749.95000 0.01456
1874.95000 0.01439
2000.88000 0.01425
2158.87000 0.01411
2327.01000 0.01401
2546.16000 0.01388
2736.24000 0.01383
2961.17000 0.01373
3285.72000 0.01365
3977.23000 0.01361
5471.68000 0.01355
10000.00000 0.01351
