247.37191073578404 559.5648377916369
250.30266473017545 449.4222454846993
253.86543906046705 363.52103671317764
257.47892543947887 293.3465060738965
261.14384569566386 234.4972998407449
264.8609319318856 183.08748532251641
268.63092667165904 146.01315155155166
273.0971296367058 123.22305200072938
276.98435730243943 105.47113398319235
280.9269152418575 90.91721073332367
284.92559101860417 78.09499016681562
288.98118340639815 66.84436911408056
293.0945025485954 56.41113203691264
296.56695777410374 46.00684349347632
301.4976194911165 39.055432555419394
307.9576866533032 31.59049529583422
316.786936031213 25.3275321708583
325.8693229275406 20.815039285044477
335.2121048791956 17.22790340305732
344.82274749908396 14.158485071285067
357.22445018714643 11.739232087727904
370.07218559978645 9.664775191199883
386.1008584815005 7.947527119879028
402.82376985058573 6.7070571189219255
420.27098876396957 5.7408164181694765
438.47388663821624 4.948643257739257
460.7094388083905 4.188568744013159
487.5055223409129 3.491336225657427
515.8601371996853 2.951612694056638
545.8639317024721 2.5130313022395576
581.7091329374358 2.122291173808338
624.304434005142 1.7708901406605775
670.0187503509577 1.4839551402618727
719.0804699909634 1.247033896485959
771.7347045162222 1.0583636416732856
828.244513666496 0.9020571760923015
888.8922195726274 0.7742907187446944
953.9808172335306 0.6636817483377812
1023.8354882745111 0.5753459093030692
1098.8052255496266 0.49315660092673425
1187.6276684488098 0.4215143244060074
1283.6301157556306 0.35875447328372195
1387.3929665405326 0.30447664003447344
1510.1779782240608 0.2569531610632274
1643.8295284137748 0.21684726609210286
1789.3093115175423 0.18300119997375153
1947.6641324072218 0.15443791289307238
2120.0334387397425 0.13033285542493245
2307.657519892618 0.10999017589014819
2511.886431509577 0.09315138143127258
2734.1897098732047 0.07945029920163676
2976.1669460047074 0.06720771572194698
3239.5592955770967 0.05752555122211896
3526.2620074617876 0.049412617487894606
3865.5587323003588 0.04213062161790262
4267.5540286418745 0.03573479591360533
4711.3544635084845 0.0303099168715896
5201.307524602178 0.025760575763279024
5742.212812690126 0.02193834020218616
6339.369058695408 0.018853855892590584
7048.2587867793945 0.0161153090255099
7726.441836453092 0.014151812469822406
