11.19708201624738 543.9601447333641
11.19708201624738 465.5954577910451
11.19708201624738 398.5202453056796
11.19708201624738 341.10810846822085
11.19708201624738 291.9669528295085
11.197082016247357 249.9052336438089
11.197082016247357 213.90306401915072
11.197082016247357 183.08748532251641
11.197082016247357 156.71130021177035
11.197082016247357 134.13495505060266
11.197082016247357 114.81103240234532
11.197082016247357 98.27097758611534
11.170737369870917 80.24069922605727
11.276489323156618 71.9960358736287
11.356459769675032 58.23493132119929
11.329740137159504 48.91435502485911
11.491006128366829 37.92157013418882
11.654567557916538 30.24263486563465
11.82045709876801 24.005221552352406
11.988707888943186 19.554717012828483
12.188029699667197 16.600094104328853
12.361512468608616 13.959668956276868
12.537464567856999 11.948593148299665
12.715921145526492 10.227239533456032
12.927333455445893 8.509748917231398
13.235462760443896 7.130925492279781
13.550936477878185 5.76794196042133
13.939446337033274 4.599961499957185
14.339094903163124 3.701059391284032
14.750201526704144 3.030923650757926
15.28069905115669 2.4865182283160223
15.718801779027 2.0984162158870316
16.16946505792481 1.7771620760283628
16.633049003028738 1.5104204507425236
17.23126397007375 1.261222159795993
17.977589428354655 1.0201559706066696
18.756239949419438 0.8468398429229504
19.568615605679383 0.7079569084336566
20.416177109884522 0.5988670542906832
21.300448441595396 0.5138018778332655
22.380620481491604 0.4328405747637359
23.682336759505937 0.36142792179653627
25.059764310576742 0.30233132299863086
26.51730670325782 0.25604632558633134
28.258616468903988 0.2153193783235351
30.11427267756815 0.18107049408135942
32.09178410757845 0.15313304667534844
34.441685679450714 0.12868455029080397
36.96365737927151 0.10829242074922955
39.67029893857284 0.09177841403536657
42.57513269664305 0.0784455000997129
45.692671157924345 0.06723940426383422
49.386259958255906 0.05739012591028141
53.75697009750401 0.0486040636428896
58.51449039685481 0.041749343624193504
63.69305376015958 0.036030803377642334
69.82159568077107 0.030928478544998316
77.08262959346138 0.02666066908870809
85.09876818353962 0.023098138723567963
95.28578868327162 0.01971514858824091
108.21092258033329 0.016664122460670977
121.1646575185785 0.014543090611262355
