14.85480679599709 543.9601447333641
14.85480679599709 465.5954577910451
14.85480679599709 398.5202453056796
14.85480679599709 341.10810846822085
14.85480679599709 291.9669528295085
14.85480679599706 249.9052336438089
14.85480679599706 213.90306401915072
14.85480679599706 183.08748532251641
14.85480679599706 156.71130021177035
14.85480679599706 134.13495505060266
14.819856205167856 109.7829780309445
14.960153903450223 98.27097758611534
15.030800037201379 79.33802227897249
15.244746415255385 63.54145945974161
15.461738077164485 50.19911442133387
15.718801779027064 42.51395015172993
15.942541080970296 36.005335519139045
16.169465057924878 30.818288501947105
16.438295284137748 25.52228843147361
16.83011007863573 20.9380514739554
17.109924054139498 17.258384343525872
17.394390159695973 14.292599767468124
17.80899394238968 11.948593148299665
18.23348000868435 9.545920148738457
18.756239949419474 7.910151400052546
19.430816418303074 6.481710668829962
19.98790439242701 5.450724233161955
20.56096426419191 4.616253115433271
21.100690878402933 3.836508163545603
21.603636148419188 3.207315387133174
22.223019587413386 2.6687014177767097
23.02228031992883 2.204892757893711
23.85028681833923 1.8259907237832278
24.88329729689392 1.5050898961617003
25.96104982223956 1.261222159795993
27.08548227476808 1.06436743628634
28.258616468903988 0.908886435539559
29.482561788479334 0.7724679015823861
30.75951897956505 0.6627438520040922
32.09178410757851 0.5699471474905394
33.71919810303682 0.47957336698955777
35.680396144378506 0.4011589635802466
37.75566266817963 0.3385450646365569
39.9516322000803 0.2877314320524833
42.275325147337675 0.2471521417735976
45.05141539468865 0.208723547775344
48.35027816580039 0.17465717595464159
51.89069817739596 0.1463577034455859
55.6903633129911 0.12368861863781432
59.76825664072376 0.10453070812373516
64.1447512524688 0.08896698632425083
69.3299227213749 0.075080795570054
75.46565756843017 0.06336199635769427
82.14440819619915 0.053472296769771575
89.41423178861402 0.045126206341307915
98.01766396002857 0.03843058772626007
108.21092258033329 0.03282776375059335
119.46421994368322 0.028297872622589662
131.88779382374955 0.024393059516575593
146.63593380986936 0.020989933129923123
166.52650831005158 0.017947009143478028
193.16725300516342 0.015424830672579739
214.76786975262036 0.014076962041510252
