28.45902052306053 559.5648377916369
28.45902052306053 478.9520874605158
28.45902052306053 409.9526749895686
28.392061753730033 339.5039414235108
28.66084579983637 300.3426669809499
28.864102378238094 249.9052336438089
28.864102378238094 213.90306401915072
28.864102378238094 183.08748532251641
28.79619052682669 151.6246305598452
29.068800408750203 130.39430756780078
29.27495011384232 110.04203642815948
29.20607161430836 91.77841403536638
29.691645800636543 75.11619628126358
29.691645800636543 64.5224216915373
30.185293044291306 51.51761865009734
30.614946429429907 40.31811364991463
31.34466862607343 32.45846405794574
31.865798689877487 26.754191936596886
32.3955929557709 22.15659066575647
33.167757731814085 18.219782841973842
33.798720190139065 14.564652353661653
34.60432918892468 12.262428776186997
35.429140271554616 9.959620732959756
36.444905515481345 8.214149006173317
37.75566266817971 6.7149658844062055
38.83813008358437 5.6468776749017975
39.951632200080375 4.731921512067786
41.09705879287771 4.007494506724872
42.27532514733776 3.430161671804594
43.79577592189079 2.857489966097144
45.692671157924536 2.327718889499304
47.67172526569287 1.9277096741253894
49.736496733865515 1.6077686523673569
51.89069817739607 1.3536298779753781
54.1382030130843 1.150457956541206
56.483052424271854 0.9847192007195961
58.9294626271948 0.8488381579289793
61.91784843656121 0.7163493655416168
65.51915481125043 0.5949979790909644
69.32992272137504 0.4968316179077475
73.36233500567803 0.4163306442960973
77.62928308913293 0.35072817586579175
82.14440819619931 0.2959856409754492
86.9221449611507 0.2528975304723627
91.97776757489473 0.21570033803748573
98.01766396002857 0.1814549987905358
105.19494839640635 0.15119639005705485
112.89778516487885 0.12687753758982717
121.16465751857875 0.1075294013758561
130.03686662368222 0.09177841403536657
140.54845857092045 0.07833464313080864
152.98707152624146 0.06657707171582822
166.52650831005158 0.05691864306674293
181.26419241367753 0.04877620393481423
197.3061693589805 0.04179857322847328
216.29095747520273 0.0356987176228215
238.78394065502172 0.030401906354423466
265.4855699803544 0.025812671034192533
297.2663701200212 0.02197715521211726
332.8515926906027 0.018894369347915267
375.33974311712484 0.016250395226548125
420.270988763967 0.014353365127294957
