18.493012900980453 586.5737749749181
18.493012900980453 478.9520874605158
18.493012900980453 409.9526749895686
18.493012900980453 350.89354474304827
18.493012900980453 300.3426669809499
18.493012900980418 257.0743148759989
18.493012900980418 220.03934383773714
18.493012900980418 188.33975249490112
18.493012900980418 161.20690850631925
18.493012900980418 137.9829112330834
18.624161386717525 117.27248391728187
18.580342207302806 97.11967487821751
18.889255184993043 79.48776014056526
18.844812289295632 67.55711261200146
19.20330408680782 53.497509040383356
19.568615605679465 43.88844679909711
19.84715263777385 37.169405495741145
20.129654328370975 31.92733623571616
20.51258814870818 26.69120784154698
20.902806659997562 21.23625496738579
21.40103526304635 17.46297342038959
21.808155030666914 13.894019268278297
22.327963054189144 11.533539413311713
22.860160955760986 9.296129607362984
23.515569379207157 7.744123927139374
24.361317236900984 6.390693266382186
25.059764310576792 5.412318884384596
25.778236094328108 4.5675505545100705
26.330575899773805 3.8546357880347646
27.21338768375303 3.095904092582284
27.862032066798854 2.562375017493202
28.864102378237977 2.150995750218034
29.90221259181562 1.7918831126499084
31.197345819126063 1.4874568765699105
32.548574229070006 1.2435118405979708
33.9583274323225 1.049421388205754
35.429140271554544 0.8898096681774696
36.96365737927158 0.7598277719207601
38.56463793306233 0.6534374779649477
40.52029833797035 0.5495011545528781
42.87706641686044 0.4540002519791997
45.37091038130664 0.37909654763191475
48.009802928567254 0.32219637481167634
50.80218046913002 0.2723882343053628
53.75697009750412 0.23355959156440992
57.28702456532203 0.19780310763824593
61.481832452059024 0.1657533302602584
65.98380262100837 0.139487058396416
70.81542684537177 0.11888664448030492
76.00084384490366 0.10219207651022912
82.14440819619915 0.08648594673750977
89.41423178861402 0.07298700287559957
97.32743861581464 0.06166763911869103
105.94096843452823 0.05272142870367511
115.3168002000829 0.045286029157567215
126.41257599438252 0.0386251766848715
139.55873789939525 0.03266238145567515
154.07202306309773 0.027872339865916588
170.09460423659064 0.024099164642020415
189.11515922075597 0.020695188534144527
213.25550737999185 0.017564795622225352
243.90026726644456 0.014996603285508081
263.61606134772313 0.013953090052741148
