61.917848436561584 559.5648377916369
61.917848436561584 478.9520874605158
61.917848436561584 411.4045983033583
62.799178730166226 341.10810846822085
62.799178730166226 291.9669528295085
62.651423971026354 243.5093419860942
63.24453705225737 207.93790782489108
63.69305376015997 174.24600210205224
63.69305376015997 149.67176963535124
64.44766114936346 120.35270291606206
65.3650004555103 98.03963034125724
66.29539704546843 78.18707749390668
67.23903677485248 64.14334896187177
68.19610814472071 52.62211285957206
69.32992272137533 44.19987543858082
70.4825878677941 36.005335519139045
72.16257476447424 29.95885291883918
73.88260496913125 24.147086999157892
76.00084384490397 19.600860902693743
78.17981333428607 16.309230296001072
80.99158491319754 13.474757245953638
83.31364061014084 11.45227505561207
86.3100525586008 9.529060596999456
90.04833836525547 7.725892891096085
93.94853788135606 6.353147596560243
98.01766396002897 5.29871883028593
102.26303319711107 4.471681482274181
106.69227908694133 3.8005082660371667
111.31336574795976 3.214883791620442
116.13460224279366 2.725916121017769
121.16465751857925 2.3222390279459026
126.41257599438279 2.0017941127906314
132.82311380323625 1.6973312868220434
140.54845857092073 1.4223149307654517
148.7231298908196 1.2088337849441533
157.37326178757465 1.0255803733378799
166.52650831005192 0.8701073011658585
176.21213193998432 0.7447567825253586
187.7834392980856 0.6298479259077627
201.5337685941727 0.5240756988218113
216.2909574752032 0.43730120515836346
232.12873262814992 0.3664458660294982
249.12621933225594 0.3105648593070453
267.3683367677031 0.26357788380747266
286.94622227052025 0.2246508781914012
307.9576866533019 0.1933777228965208
330.5077028665116 0.16598789967991803
357.22445018714495 0.1418743605209237
388.8390030554935 0.11973025387283523
423.25146058166143 0.10175944358787792
460.7094388083886 0.08648594673750977
501.48246792922424 0.07341833960587563
545.8639317024698 0.06276743868244138
598.3869273965624 0.053472296769771575
660.6156365856522 0.04544641801592621
729.3157643001917 0.03893857047391923
805.1602998770513 0.033430104128284246
895.1960527665269 0.028574338419230003
1009.4668731153689 0.024431418494366842
1146.396993335436 0.02096109413700184
1311.1339374215604 0.017947009143478028
1520.8878369203146 0.015405013093759034
1702.9505847509834 0.013874384632001833
