110.52951411260243 575.6171857889708
112.10277629119126 457.4373794607607
113.9665741720421 353.38345512295245
115.58875899939531 274.61218485386775
117.2340337865305 221.07903681580422
119.46421994368396 180.5165363576255
121.16465751857949 152.88060589789012
122.88929889229847 130.39430756780078
124.63848857844499 110.43177067782867
126.4125759943833 94.85737601965467
128.81736893690146 79.30063190840403
131.26790914032983 63.39187163695444
134.39674384946406 52.99551484141099
136.9534225546028 43.2721569600071
140.2177742520575 36.60430297767488
144.57802965871988 30.3855322882484
148.7231298908202 25.55238356712671
152.9870715262421 21.564103339848618
157.37326178757496 18.65431514358547
163.03326078095756 15.55826767993254
170.09460423659132 12.673806031217506
177.4617906297924 10.39737497540838
185.14806671778868 8.63094629123205
193.16725300516458 7.2154588665870065
201.5337685941731 6.132460725214435
210.2626571113676 5.224313222125577
220.92533606241093 4.401102517076514
233.77493987102977 3.6490884179853387
247.37191073578305 3.047039765355073
261.759717507922 2.5578494721807514
276.9843573024383 2.150995750218034
293.0945025485942 1.8088565288055736
310.14165659329706 1.529226504429379
328.18031835478365 1.3043016803097929
347.268156552997 1.1104949361351606
370.0721855997857 0.9398204751152744
397.17049860513146 0.7886571075812773
426.2530692669816 0.6636817483377812
457.46519365770115 0.5616790097386204
490.96280706708535 0.47872636723810197
526.9132630526507 0.40860217000976096
565.4961695354151 0.3492433586386904
606.9042861182886 0.2985077723652788
651.3444871100605 0.25550376121162977
699.038795066246 0.21931446936383878
755.5459284647313 0.18560753596456744
816.6208428611391 0.1581957308066073
882.6327770044595 0.13407174001786726
960.7462448181162 0.11314548598190571
1045.772795867344 0.09548545425289108
1138.3242416765777 0.08096259645499201
1239.0665394139037 0.06897295916112726
1348.7245838091867 0.05882813714595248
1468.087423159457 0.0503531622870829
1598.0139369535636 0.04314994139262243
1739.4390159695972 0.03719569674247348
1906.8077367073233 0.031751519295037056
2105.1044886823743 0.02687698623781604
2324.0229326544095 0.02279680624443986
2565.707602896356 0.019552083502647945
2852.613720543115 0.016651035422666466
3171.6026524007293 0.0142810546134693
