49.27006329625389 536.3217538920642
49.73649673386582 478.9520874605158
50.08921731365666 401.3481106518923
50.08921731365666 343.5285822348912
50.80218046913023 277.8675679926647
50.80218046913023 237.83705254407005
51.404062440655984 189.22966388413087
52.1357409241179 153.0608782345804
52.877834020311724 118.94269971701341
53.63048996942866 93.08553870839961
54.39385912169085 74.23616555082943
55.298200322830866 62.06132918348765
56.085307439065076 52.746286938832654
57.01777031474152 43.47661929366273
58.10244033726434 36.26082627975331
59.20774443669463 30.3855322882484
60.6189899349756 24.40456088185703
62.35695655301768 19.63554026328272
64.59965208662673 16.080213011319874
66.2953970454683 13.316892483776678
68.35693927822922 11.132903242030972
70.31675547946463 9.49543077055523
72.84572870344785 7.928817236780436
76.00084384490397 6.520016117421318
79.29261424031975 5.399577329421447
82.7269587413369 4.450652008361905
86.3100525586008 3.6684914561003596
90.04833836525547 3.074090610305287
93.94853788135606 2.625032636355804
98.01766396002897 2.2521637954031624
102.98826072074351 1.8939326983057074
108.9783312612559 1.5814602398233588
115.31680020008314 1.3275629959609803
122.02393131260581 1.1283035609389613
129.1211669691543 0.9623481061632175
136.6311966852184 0.8193523897321727
144.57802965871932 0.7037976231692487
152.98707152624178 0.604539756746906
161.88520558361262 0.5220415415796529
172.51570786466667 0.44227664701448866
185.14806671778828 0.36852460875063486
198.70542244318983 0.30968771651693594
213.25550737999228 0.2606127341793002
228.87101352707245 0.21993564384157635
245.62995571116383 0.186924591058086
263.61606134772364 0.1595437368013899
282.9191887418003 0.13636635970130448
303.6357760187346 0.11721721581876875
328.18031835478297 0.09962359783607176
354.7089304417182 0.08467067893122777
383.3819955012973 0.0723021288935928
417.3115049713209 0.06166763911869103
454.243793983381 0.05290815140641896
497.95110536599435 0.045126206341307915
549.7350817657182 0.03835302690830702
606.9042861182874 0.0329606723074615
674.7703797903831 0.028173092175381317
760.904098328859 0.024031639685494977
864.117678125256 0.02048891869993416
988.2911594347119 0.017557897080222942
1146.3969933354338 0.015033279656274875
1256.7032452192745 0.013757158133282354
