1  14.4620
1.027  13.5790
1.055  12.7510
1.083  11.9720
1.112  11.2420
1.142  10.5560
1.173   9.9110
1.205   9.3070
1.237   8.7390
1.271   8.2060
1.305   7.7190
1.34   7.2610
1.376   6.8310
1.414   6.4260
1.452   6.0450
1.491   5.6870
1.531   5.3490
1.572   5.0320
1.615   4.7340
1.658   4.4530
1.703   4.1890
1.749   3.9650
1.796   3.7560
1.845   3.5590
1.895   3.3720
1.946   3.1940
1.998   3.0260
2.052   2.8670
2.107   2.7170
2.164   2.5740
2.223   2.4380
2.283   2.3100
2.344   2.1890
2.408   2.0740
2.473   1.9650
2.539   1.8610
2.608   1.7630
2.678   1.6710
2.75   1.5840
2.825   1.5010
2.901   1.4220
2.979   1.3480
3.059   1.2770
3.142   1.2100
3.227   1.1470
3.314   1.0870
3.403   1.0300
3.495   0.9760
3.589   0.9250
3.686   0.8770
3.786   0.8310
3.888   0.7910
3.993   0.7550
4.101   0.7210
4.211   0.6890
4.325   0.6570
4.441   0.6280
4.561   0.5990
4.684   0.5720
4.811   0.5460
4.941   0.5210
5.074   0.4980
5.211   0.4750
5.351   0.4530
5.496   0.4330
5.644   0.4130
5.796   0.3940
5.953   0.3760
6.113   0.3590
6.278   0.3430
6.448   0.3270
6.622   0.3120
6.8   0.2980
6.984   0.2840
7.172   0.2720
7.366   0.2600
7.565   0.2490
7.769   0.2380
7.978   0.2280
8.194   0.2180
8.415   0.2080
8.642   0.1990
8.875   0.1910
9.114   0.1820
9.36   0.1740
9.613   0.1670
9.872   0.1600
10.139   0.1530
10.412   0.1470
10.693   0.1420
10.982   0.1370
11.278   0.1320
11.582   0.1270
11.895   0.1230
12.216   0.1180
12.545   0.1140
12.884   0.1100
13.231   0.1060
13.588   0.1020
13.955   0.0980
14.332   0.0950
14.718   0.0910
15.115   0.0880
15.523   0.0850
15.942   0.0820
16.372   0.0790
16.814   0.0770
17.268   0.0750
17.734   0.0730
18.212   0.0710
18.704   0.0690
19.208   0.0670
19.727   0.0650
20.259   0.0630
20.805   0.0620
21.367   0.0600
21.943   0.0580
22.535   0.0570
23.144   0.0550
23.768   0.0540
24.409   0.0530
25.068   0.0520
25.744   0.0510
26.439   0.0500
27.152   0.0490
27.885   0.0480
28.637   0.0470
29.41   0.0460
30.204   0.0460
31.019   0.0460
31.856   0.0460
32.715   0.0460
33.598   0.0460
34.504   0.0460
35.435   0.0460
36.392   0.0460
37.373   0.0460
38.382   0.0460
39.418   0.0460
40.481   0.0460
41.573   0.0460
42.695   0.0460
43.847   0.0460
45.03   0.0460
46.245   0.0460
47.493   0.0460
48.775   0.0460
50.091   0.0460
51.442   0.0460
52.83   0.0460
54.256   0.0460
55.72   0.0460
57.223   0.0460
58.767   0.0460
60.353   0.0460
61.981   0.0460
63.654   0.0460
65.371   0.0460
67.135   0.0460
68.946   0.0460
70.807   0.0460
72.717   0.0460
74.679   0.0460
76.694   0.0460
78.764   0.0460
80.889   0.0460
83.072   0.0460
85.313   0.0460
87.615   0.0460
89.979   0.0460
92.407   0.0460
94.9   0.0460
97.461   0.0460
100.09   0.0460
102.79   0.0460
105.57   0.0460
108.41   0.0460
111.34   0.0460
114.34   0.0460
117.43   0.0460
120.6   0.0460
123.85   0.0460
127.19   0.0460
130.62   0.0460
134.15   0.0460
137.77   0.0460
141.49   0.0460
145.3   0.0460
149.22   0.0460
153.25   0.0460
157.38   0.0460
161.63   0.0460
165.99   0.0460
170.47   0.0460
175.07   0.0460
179.79   0.0460
184.65   0.0460
189.63   0.0460
194.74   0.0460
200   0.0460
