1   6.2760
1.027   5.8650
1.055   5.4810
1.083   5.1220
1.112   4.7860
1.142   4.4730
1.173   4.1800
1.205   3.9060
1.237   3.6500
1.271   3.4110
1.305   3.1880
1.34   2.9790
1.376   2.7880
1.414   2.6280
1.452   2.4770
1.491   2.3350
1.531   2.2010
1.572   2.0740
1.615   1.9550
1.658   1.8430
1.703   1.7370
1.749   1.6370
1.796   1.5430
1.845   1.4550
1.895   1.3710
1.946   1.2920
1.998   1.2190
2.052   1.1510
2.107   1.0860
2.164   1.0240
2.223   0.9670
2.283   0.9120
2.344   0.8610
2.408   0.8120
2.473   0.7660
2.539   0.7230
2.608   0.6820
2.678   0.6440
2.75   0.6070
2.825   0.5730
2.901   0.5410
2.979   0.5090
3.059   0.4780
3.142   0.4500
3.227   0.4230
3.314   0.3980
3.403   0.3740
3.495   0.3520
3.589   0.3310
3.686   0.3110
3.786   0.2930
3.888   0.2760
3.993   0.2600
4.101   0.2450
4.211   0.2310
4.325   0.2180
4.441   0.2060
4.561   0.1940
4.684   0.1830
4.811   0.1730
4.941   0.1630
5.074   0.1540
5.211   0.1450
5.351   0.1370
5.496   0.1290
5.644   0.1220
5.796   0.1150
5.953   0.1090
6.113   0.1030
6.278   0.0970
6.448   0.0920
6.622   0.0870
6.8   0.0830
6.984   0.0780
7.172   0.0740
7.366   0.0700
7.565   0.0660
7.769   0.0630
7.978   0.0600
8.194   0.0570
8.415   0.0540
8.642   0.0510
8.875   0.0490
9.114   0.0470
9.36   0.0440
9.613   0.0420
9.872   0.0400
10.139   0.0380
10.412   0.0370
10.693   0.0350
10.982   0.0340
11.278   0.0320
11.582   0.0310
11.895   0.0300
12.216   0.0280
12.545   0.0270
12.884   0.0260
13.231   0.0250
13.588   0.0240
13.955   0.0230
14.332   0.0220
14.718   0.0210
15.115   0.0200
15.523   0.0195
15.942   0.0190
16.372   0.0180
16.814   0.0175
17.268   0.0170
17.734   0.0160
18.212   0.0155
18.704   0.0150
19.208   0.0147
19.727   0.0143
20.259   0.0140
20.805   0.0137
21.367   0.0133
21.943   0.0130
22.535   0.0129
23.144   0.0127
23.768   0.0126
24.409   0.0125
25.068   0.0124
25.744   0.0122
26.439   0.0121
27.152   0.0120
27.885   0.0119
28.637   0.0119
29.41   0.0118
30.204   0.0118
31.019   0.0117
31.856   0.0117
32.715   0.0116
33.598   0.0116
34.504   0.0115
35.435   0.0115
36.392   0.0114
37.373   0.0114
38.382   0.0113
39.418   0.0113
40.481   0.0112
41.573   0.0112
42.695   0.0111
43.847   0.0111
45.03   0.0110
46.245   0.0110
47.493   0.0110
48.775   0.0110
50.091   0.0110
51.442   0.0110
52.83   0.0110
54.256   0.0110
55.72   0.0110
57.223   0.0110
58.767   0.0110
60.353   0.0110
61.981   0.0110
63.654   0.0110
65.371   0.0110
67.135   0.0110
68.946   0.0110
70.807   0.0110
72.717   0.0110
74.679   0.0110
76.694   0.0110
78.764   0.0110
80.889   0.0110
83.072   0.0110
85.313   0.0110
87.615   0.0110
89.979   0.0110
92.407   0.0110
94.9   0.0110
97.461   0.0110
100.09   0.0110
102.79   0.0110
105.57   0.0110
108.41   0.0110
111.34   0.0110
114.34   0.0110
117.43   0.0110
120.6   0.0110
123.85   0.0110
127.19   0.0110
130.62   0.0110
134.15   0.0110
137.77   0.0110
141.49   0.0110
145.3   0.0110
149.22   0.0110
153.25   0.0110
157.38   0.0110
161.63   0.0110
165.99   0.0110
170.47   0.0110
175.07   0.0110
179.79   0.0110
184.65   0.0110
189.63   0.0110
194.74   0.0110
200   0.0110
