1  59.9280
1.027  44.2170
1.055  32.6250
1.083  24.0720
1.112  17.7610
1.142  13.6010
1.173  10.9890
1.205   8.8780
1.237   7.3470
1.271   6.6030
1.305   5.9340
1.34   5.3330
1.376   4.7930
1.414   4.3890
1.452   4.0630
1.491   3.7620
1.531   3.4830
1.572   3.2250
1.615   2.9850
1.658   2.7640
1.703   2.5590
1.749   2.3690
1.796   2.2020
1.845   2.0620
1.895   1.9300
1.946   1.8080
1.998   1.6920
2.052   1.5850
2.107   1.4840
2.164   1.3890
2.223   1.3010
2.283   1.2180
2.344   1.1430
2.408   1.0820
2.473   1.0240
2.539   0.9700
2.608   0.9180
2.678   0.8690
2.75   0.8220
2.825   0.7780
2.901   0.7360
2.979   0.6970
3.059   0.6600
3.142   0.6240
3.227   0.5890
3.314   0.5560
3.403   0.5250
3.495   0.4960
3.589   0.4680
3.686   0.4420
3.786   0.4180
3.888   0.3940
3.993   0.3720
4.101   0.3530
4.211   0.3370
4.325   0.3210
4.441   0.3060
4.561   0.2920
4.684   0.2780
4.811   0.2650
4.941   0.2530
5.074   0.2410
5.211   0.2290
5.351   0.2190
5.496   0.2080
5.644   0.1990
5.796   0.1900
5.953   0.1820
6.113   0.1740
6.278   0.1670
6.448   0.1600
6.622   0.1530
6.8   0.1470
6.984   0.1410
7.172   0.1350
7.366   0.1290
7.565   0.1240
7.769   0.1190
7.978   0.1140
8.194   0.1100
8.415   0.1070
8.642   0.1030
8.875   0.0990
9.114   0.0960
9.36   0.0930
9.613   0.0890
9.872   0.0860
10.139   0.0830
10.412   0.0800
10.693   0.0780
10.982   0.0750
11.278   0.0720
11.582   0.0700
11.895   0.0680
12.216   0.0660
12.545   0.0640
12.884   0.0620
13.231   0.0600
13.588   0.0590
13.955   0.0570
14.332   0.0550
14.718   0.0540
15.115   0.0520
15.523   0.0510
15.942   0.0490
16.372   0.0480
16.814   0.0470
17.268   0.0450
17.734   0.0440
18.212   0.0435
18.704   0.0430
19.208   0.0420
19.727   0.0410
20.259   0.0400
20.805   0.0390
21.367   0.0385
21.943   0.0380
22.535   0.0370
23.144   0.0360
23.768   0.0355
24.409   0.0350
25.068   0.0340
25.744   0.0335
26.439   0.0330
27.152   0.0325
27.885   0.0320
28.637   0.0319
29.41   0.0319
30.204   0.0318
31.019   0.0318
31.856   0.0317
32.715   0.0317
33.598   0.0316
34.504   0.0316
35.435   0.0315
36.392   0.0315
37.373   0.0314
38.382   0.0314
39.418   0.0313
40.481   0.0313
41.573   0.0312
42.695   0.0312
43.847   0.0311
45.03   0.0311
46.245   0.0310
47.493   0.0310
48.775   0.0310
50.091   0.0310
51.442   0.0310
52.83   0.0310
54.256   0.0310
55.72   0.0310
57.223   0.0310
58.767   0.0310
60.353   0.0310
61.981   0.0310
63.654   0.0310
65.371   0.0310
67.135   0.0310
68.946   0.0310
70.807   0.0310
72.717   0.0310
74.679   0.0310
76.694   0.0310
78.764   0.0310
80.889   0.0310
83.072   0.0310
85.313   0.0310
87.615   0.0310
89.979   0.0310
92.407   0.0310
94.9   0.0310
97.461   0.0310
100.09   0.0310
102.79   0.0310
105.57   0.0310
108.41   0.0310
111.34   0.0310
114.34   0.0310
117.43   0.0310
120.6   0.0310
123.85   0.0310
127.19   0.0310
130.62   0.0310
134.15   0.0310
137.77   0.0310
141.49   0.0310
145.3   0.0310
149.22   0.0310
153.25   0.0310
157.38   0.0310
161.63   0.0310
165.99   0.0310
170.47   0.0310
175.07   0.0310
179.79   0.0310
184.65   0.0310
189.63   0.0310
194.74   0.0310
200   0.0310
