231.445  308.849
232.605  268.232
233.304  238.853
234.474  214.187
236.121  182.883
238.017  159.788
239.929  137.944
242.098  118.019
244.531  100.67
247.236  85.0168
249.471  73.5414
251.978  63.7423
254.765  55.1937
257.583  47.7915
260.693  41.5479
263.840  36.0478
266.758  31.6851
270.790  27.2171
274.608  23.5669
278.479  20.264
282.405  17.7404
287.822  15.3152
291.880  13.4751
297.182  11.8088
303.792  10.1233
310.239  8.80962
317.775  7.54469
326.145  6.57874
335.406  5.68507
343.554  5.05735
353.663  4.43196
362.616  3.95841
375.532  3.46198
386.195  3.11691
397.559  2.82311
412.132  2.4889
428.522  2.20084
444.675  1.95588
459.134  1.76621
477.872  1.57434
497.374  1.40472
514.576  1.27869
532.905  1.16513
552.992  1.06272
572.689  0.97612
606.281  0.85371
626.622  0.78807
653.500  0.71379
689.070  0.63434
743.481  0.53839
795.796  0.46572
854.352  0.40125
911.729  0.35304
988.652  0.30054
1068.85  0.25816
1160.19  0.22087
1241.83  0.19336
1334.54  0.16861
1450.03  0.14497
1561.40  0.12705
1703.33  0.10946
1817.72  0.09796
1984.93  0.08499
2143.81  0.07493
2324.69  0.06606
2470.91  0.06031
2690.12  0.05338
2879.41  0.04835
3094.37  0.04375
3292.30  0.04055
3468.02  0.03788
3667.77  0.03557
3828.93  0.03383
4033.30  0.03189
4240.09  0.03028
4444.13  0.02880
4667.32  0.02745
4955.93  0.02593
5230.91  0.02457
5521.14  0.02344
5939.26  0.02201
6319.15  0.02091
6683.12  0.02009
7131.95  0.01915
7595.72  0.01840
8113.95  0.01771
8693.58  0.01710
9408.23  0.01652
10000.0  0.01614