231.21400 302.43000
232.37300 283.96500
233.77100 263.71000
236.12100 231.79400
238.49400 203.13100
241.37300 179.26200
244.53100 152.29900
247.97900 131.34800
251.22400 114.18800
254.76500 98.67680
258.87400 84.25510
263.31300 71.94120
267.02500 63.67860
271.87500 54.91840
275.98400 48.03100
281.55900 41.58950
287.24700 36.33740
292.46400 31.90770
299.56900 27.38090
305.31500 24.23610
312.41800 21.26040
320.00700 18.83740
327.78000 16.67390
336.75100 14.71460
345.62100 13.05070
354.37100 11.66790
364.79800 10.33810
375.90800 9.26130
390.07700 8.14044
403.56700 7.29978
417.10700 6.60511
434.13000 5.90526
455.93200 5.12865
476.44100 4.56237
498.37000 4.01823
521.83100 3.57813
545.30400 3.20541
572.11700 2.84010
599.64800 2.54426
631.02300 2.26334
660.06800 2.03366
710.05500 1.73124
764.59200 1.47674
825.79200 1.25588
892.78200 1.06379
983.72100 0.86835
1062.46000 0.74292
1162.51000 0.62179
1255.56000 0.53840
1357.42000 0.46294
1476.37000 0.39409
1597.73000 0.33785
1729.07000 0.28992
1882.47000 0.24779
2082.53000 0.20594
2294.66000 0.17340
2574.32000 0.14041
2859.32000 0.11623
3262.80000 0.09291
3492.39000 0.08290
3817.46000 0.07185
4123.02000 0.06353
4453.03000 0.05635
4833.57000 0.04983
5173.68000 0.04513
5488.12000 0.04154
5862.55000 0.03781
6250.02000 0.03466
6723.34000 0.03158
7153.38000 0.02927
7550.28000 0.02743
8073.48000 0.02545
8572.72000 0.02389
9102.82000 0.02248
9617.50000 0.02123
10000.00000 0.02052
