1  21.5730
1.027  21.0490
1.055  20.5380
1.083  20.0400
1.112  19.5530
1.142  19.0790
1.173  18.6150
1.205  18.1630
1.237  17.7230
1.271  17.2920
1.305  16.8730
1.34  16.4630
1.376  16.0630
1.414  15.6900
1.452  15.4790
1.491  15.2710
1.531  15.0650
1.572  14.8630
1.615  14.6630
1.658  14.4660
1.703  14.2710
1.749  14.0790
1.796  13.8900
1.845  13.7030
1.895  13.5190
1.946  13.3370
1.998  13.1580
2.052  12.9810
2.107  12.8070
2.164  12.6890
2.223  12.5880
2.283  12.4890
2.344  12.3890
2.408  12.2910
2.473  12.1940
2.539  12.0970
2.608  12.0010
2.678  11.9060
2.75  11.8110
2.825  11.7170
2.901  11.6240
2.979  11.5320
3.059  11.4410
3.142  11.3500
3.227  11.2600
3.314  11.1910
3.403  11.1430
3.495  11.0960
3.589  11.0480
3.686  11.0010
3.786  10.9540
3.888  10.9070
3.993  10.8600
4.101  10.8140
4.211  10.7680
4.325  10.7220
4.441  10.6760
4.561  10.6300
4.684  10.5850
4.811  10.5400
4.941  10.4950
5.074  10.4510
5.211  10.4400
5.351  10.4290
5.496  10.4180
5.644  10.4070
5.796  10.3970
5.953  10.3860
6.113  10.3750
6.278  10.3640
6.448  10.3540
6.622  10.3430
6.8  10.3320
6.984  10.3210
7.172  10.3110
7.366  10.3000
7.565  10.2890
7.769  10.2790
7.978  10.2680
8.194  10.2570
8.415  10.2470
8.642  10.2360
8.875  10.2260
9.114  10.2150
9.36  10.2040
9.613  10.1940
9.872  10.1830
10.139  10.1750
10.412  10.1750
10.693  10.1750
10.982  10.1750
11.278  10.1750
11.582  10.1750
11.895  10.1750
12.216  10.1750
12.545  10.1750
12.884  10.1750
13.231  10.1750
13.588  10.1750
13.955  10.1750
14.332  10.1750
14.718  10.1750
15.115  10.1750
15.523  10.1750
15.942  10.1750
16.372  10.1750
16.814  10.1750
17.268  10.1750
17.734  10.1750
18.212  10.1750
18.704  10.1750
19.208  10.1750
19.727  10.1750
20.259  10.1750
20.805  10.1750
21.367  10.1750
21.943  10.1750
22.535  10.1750
23.144  10.1750
23.768  10.1750
24.409  10.1750
25.068  10.1750
25.744  10.1750
26.439  10.1750
27.152  10.1750
27.885  10.1750
28.637  10.1750
29.41  10.1750
30.204  10.1750
31.019  10.1750
31.856  10.1750
32.715  10.1750
33.598  10.1750
34.504  10.1750
35.435  10.1750
36.392  10.1750
37.373  10.1750
38.382  10.1750
39.418  10.1750
40.481  10.1750
41.573  10.1750
42.695  10.1750
43.847  10.1750
45.03  10.1750
46.245  10.1750
47.493  10.1750
48.775  10.1750
50.091  10.1750
51.442  10.1750
52.83  10.1750
54.256  10.1750
55.72  10.1750
57.223  10.1750
58.767  10.1750
60.353  10.1750
61.981  10.1750
63.654  10.1750
65.371  10.1750
67.135  10.1750
68.946  10.1750
70.807  10.1750
72.717  10.1750
74.679  10.1750
76.694  10.1750
78.764  10.1750
80.889  10.1750
83.072  10.1750
85.313  10.1750
87.615  10.1750
89.979  10.1750
92.407  10.1750
94.9  10.1750
97.461  10.1750
100.09  10.1750
102.79  10.1750
105.57  10.1750
108.41  10.1750
111.34  10.1750
114.34  10.1750
117.43  10.1750
120.6  10.1750
123.85  10.1750
127.19  10.1750
130.62  10.1750
134.15  10.1750
137.77  10.1750
141.49  10.1750
145.3  10.1750
149.22  10.1750
153.25  10.1750
157.38  10.1750
161.63  10.1750
165.99  10.1750
170.47  10.1750
175.07  10.1750
179.79  10.1750
184.65  10.1750
189.63  10.1750
194.74  10.1750
200  10.1750
