1  35.9210
1.027  34.2190
1.055  32.5980
1.083  31.0530
1.112  29.5820
1.142  28.1800
1.173  26.8450
1.205  25.5730
1.237  24.3620
1.271  23.2070
1.305  22.1080
1.34  21.0590
1.376  19.8920
1.414  18.7900
1.452  17.7490
1.491  16.7660
1.531  15.8370
1.572  14.9600
1.615  14.1310
1.658  13.3480
1.703  12.6080
1.749  11.9560
1.796  11.3450
1.845  10.7660
1.895  10.2160
1.946   9.6940
1.998   9.1990
2.052   8.7290
2.107   8.2830
2.164   7.8600
2.223   7.4580
2.283   7.0770
2.344   6.7150
2.408   6.3720
2.473   6.0450
2.539   5.6860
2.608   5.3490
2.678   5.0320
2.75   4.7330
2.825   4.4530
2.901   4.1090
2.979   3.7860
3.059   3.4880
3.142   3.2380
3.227   3.0140
3.314   2.8050
3.403   2.6110
3.495   2.4300
3.589   2.2210
3.686   2.0170
3.786   1.8310
3.888   1.6630
3.993   1.5100
4.101   1.3930
4.211   1.3020
4.325   1.2170
4.441   1.1380
4.561   1.0640
4.684   0.9940
4.811   0.9290
4.941   0.8690
5.074   0.8160
5.211   0.7760
5.351   0.7380
5.496   0.7020
5.644   0.6680
5.796   0.6350
5.953   0.6040
6.113   0.5740
6.278   0.5460
6.448   0.5190
6.622   0.4940
6.8   0.4700
6.984   0.4460
7.172   0.4250
7.366   0.4040
7.565   0.3840
7.769   0.3650
7.978   0.3470
8.194   0.3310
8.415   0.3150
8.642   0.3000
8.875   0.2860
9.114   0.2730
9.36   0.2600
9.613   0.2470
9.872   0.2360
10.139   0.2250
10.412   0.2140
10.693   0.2040
10.982   0.1940
11.278   0.1860
11.582   0.1770
11.895   0.1690
12.216   0.1610
12.545   0.1540
12.884   0.1460
13.231   0.1390
13.588   0.1310
13.955   0.1230
14.332   0.1150
14.718   0.1080
15.115   0.1020
15.523   0.0950
15.942   0.0890
16.372   0.0830
16.814   0.0770
17.268   0.0720
17.734   0.0670
18.212   0.0640
18.704   0.0600
19.208   0.0570
19.727   0.0540
20.259   0.0510
20.805   0.0490
21.367   0.0460
21.943   0.0440
22.535   0.0430
23.144   0.0410
23.768   0.0400
24.409   0.0380
25.068   0.0370
25.744   0.0360
26.439   0.0350
27.152   0.0340
27.885   0.0335
28.637   0.0330
29.41   0.0329
30.204   0.0329
31.019   0.0328
31.856   0.0328
32.715   0.0327
33.598   0.0327
34.504   0.0326
35.435   0.0326
36.392   0.0325
37.373   0.0325
38.382   0.0324
39.418   0.0324
40.481   0.0323
41.573   0.0323
42.695   0.0322
43.847   0.0322
45.03   0.0321
46.245   0.0321
47.493   0.0320
48.775   0.0320
50.091   0.0320
51.442   0.0320
52.83   0.0320
54.256   0.0320
55.72   0.0320
57.223   0.0320
58.767   0.0320
60.353   0.0320
61.981   0.0320
63.654   0.0320
65.371   0.0320
67.135   0.0320
68.946   0.0320
70.807   0.0320
72.717   0.0320
74.679   0.0320
76.694   0.0320
78.764   0.0320
80.889   0.0320
83.072   0.0320
85.313   0.0320
87.615   0.0320
89.979   0.0320
92.407   0.0320
94.9   0.0320
97.461   0.0320
100.09   0.0320
102.79   0.0320
105.57   0.0320
108.41   0.0320
111.34   0.0320
114.34   0.0320
117.43   0.0320
120.6   0.0320
123.85   0.0320
127.19   0.0320
130.62   0.0320
134.15   0.0320
137.77   0.0320
141.49   0.0320
145.3   0.0320
149.22   0.0320
153.25   0.0320
157.38   0.0320
161.63   0.0320
165.99   0.0320
170.47   0.0320
175.07   0.0320
179.79   0.0320
184.65   0.0320
189.63   0.0320
194.74   0.0320
200   0.0320
