372.91200 607.80500
373.28500 570.12400
374.40700 493.66300
375.53200 444.01200
378.17000 375.34700
381.20700 318.89200
383.88500 278.06400
386.96800 249.59800
391.24900 225.61900
398.75300 202.92800
408.84800 181.42600
419.19800 164.98400
432.39700 148.83600
445.56500 136.02600
461.43600 121.85700
477.39400 108.51000
491.93300 97.69490
509.45600 85.78540
524.44600 77.00340
538.79900 68.43260
552.43900 60.81570
565.29200 54.58980
579.60300 48.51380
591.31200 43.80930
604.46500 39.05020
615.44300 35.54670
629.13300 31.74850
645.06000 27.85040
658.74900 24.72570
676.10100 21.62490
685.63300 19.88260
698.08600 17.86500
711.47700 15.56220
726.57600 13.27450
739.77300 11.67960
754.71700 10.22500
770.73400 8.85378
788.66600 7.72023
804.59800 6.90222
824.96700 6.17089
837.43400 5.69645
856.06200 5.14921
878.61200 4.64059
901.75500 4.21160
932.00900 3.77667
957.51600 3.45852
992.61500 3.10136
1038.30000 2.74242
1088.26000 2.42018
1157.87000 2.05410
1222.12000 1.79291
1313.35000 1.50657
1393.17000 1.30975
1495.68000 1.11498
1594.54000 0.97126
1681.33000 0.86575
1776.39000 0.76632
1890.01000 0.67223
2012.92000 0.59383
2141.67000 0.52773
2308.47000 0.45605
2463.50000 0.39965
2650.07000 0.34848
2853.61000 0.30296
3097.47000 0.25868
3365.53000 0.22087
3667.77000 0.18728
3929.79000 0.16511
4156.13000 0.14850
4399.91000 0.13518
4690.71000 0.12098
5035.86000 0.10730
5417.23000 0.09488
5844.99000 0.08314
6256.27000 0.07426
6649.79000 0.06686
7089.29000 0.06014
7550.28000 0.05441
8089.64000 0.04918
8641.57000 0.04477
9417.64000 0.03971
10000.00000 0.03636
