36.2829  301.524
36.3192  266.36
36.4648  224.046
36.6842  175.712
36.8681  132.668
37.0900  98.1846
37.3132  79.2692
37.5753  61.5499
37.8014  48.1754
38.1431  38.1241
38.5650  30.5647
38.9916  25.5043
39.5809  21.0278
40.2595  17.1817
40.9907  14.4521
41.6935  12.464
42.4933  10.7278
43.3517  9.37311
44.3160  8.12417
45.2113  7.14093
46.5416  6.09728
47.8153  5.26901
49.1731  4.59902
50.3675  4.11172
51.9014  3.66139
53.4820  3.34291
55.2764  3.01573
57.4173  2.6667
60.6031  2.27468
63.5194  2.00138
66.6427  1.76445
69.2931  1.59335
72.9188  1.40472
75.4406  1.29413
78.2842  1.18393
81.8056  1.07233
85.9139  0.95967
91.8674  0.82931
104.412  0.62992
117.606  0.49156
134.336  0.37637
149.507  0.30478
166.225  0.24606
183.891  0.20287
202.015  0.16962
221.704  0.14239
243.799  0.11989
266.492  0.10267
291.880  0.08855
318.730  0.07675
351.899  0.06560
388.131  0.05663
432.397  0.04835
482.675  0.04153
539.878  0.03596
599.648  0.03170
658.091  0.02854
728.759  0.02578
777.702  0.02415
841.632  0.02254
907.182  0.02110
971.987  0.02007
1044.55  0.01909
1106.92  0.01842
1175.37  0.01782
1277.09  0.01717
1372.43  0.01673
1495.68  0.01625
1636.54  0.01582
1830.49  0.01540
1990.90  0.01508
2209.10  0.01474
2429.26  0.01447
2658.03  0.01424
2879.41  0.01406
3141.14  0.01393
3502.88  0.01377
3925.86  0.01362
10000.0  0.01329