1  22.8130
1.027  19.7790
1.055  17.1480
1.083  14.8680
1.112  12.8900
1.142  11.2290
1.173  10.3390
1.205   9.5200
1.237   8.7660
1.271   8.0710
1.305   7.4320
1.34   6.8450
1.376   6.3050
1.414   5.8070
1.452   5.3960
1.491   5.1150
1.531   4.8490
1.572   4.5960
1.615   4.3570
1.658   4.1310
1.703   3.9160
1.749   3.7120
1.796   3.5190
1.845   3.3360
1.895   3.1800
1.946   3.0330
1.998   2.8930
2.052   2.7590
2.107   2.6320
2.164   2.5100
2.223   2.3940
2.283   2.2840
2.344   2.1780
2.408   2.0780
2.473   1.9820
2.539   1.8900
2.608   1.8030
2.678   1.7210
2.75   1.6510
2.825   1.5850
2.901   1.5210
2.979   1.4600
3.059   1.4010
3.142   1.3440
3.227   1.2900
3.314   1.2380
3.403   1.1880
3.495   1.1410
3.589   1.0950
3.686   1.0520
3.786   1.0100
3.888   0.9700
3.993   0.9310
4.101   0.8940
4.211   0.8580
4.325   0.8240
4.441   0.7910
4.561   0.7600
4.684   0.7300
4.811   0.7010
4.941   0.6730
5.074   0.6460
5.211   0.6180
5.351   0.5910
5.496   0.5640
5.644   0.5390
5.796   0.5150
5.953   0.4920
6.113   0.4700
6.278   0.4490
6.448   0.4290
6.622   0.4100
6.8   0.3920
6.984   0.3740
7.172   0.3580
7.366   0.3420
7.565   0.3260
7.769   0.3120
7.978   0.2980
8.194   0.2850
8.415   0.2720
8.642   0.2600
8.875   0.2480
9.114   0.2370
9.36   0.2260
9.613   0.2160
9.872   0.2060
10.139   0.1970
10.412   0.1880
10.693   0.1800
10.982   0.1720
11.278   0.1640
11.582   0.1560
11.895   0.1490
12.216   0.1420
12.545   0.1350
12.884   0.1280
13.231   0.1220
13.588   0.1160
13.955   0.1110
14.332   0.1050
14.718   0.1000
15.115   0.0960
15.523   0.0910
15.942   0.0850
16.372   0.0810
16.814   0.0760
17.268   0.0720
17.734   0.0680
18.212   0.0640
18.704   0.0600
19.208   0.0570
19.727   0.0530
20.259   0.0500
20.805   0.0470
21.367   0.0440
21.943   0.0410
22.535   0.0380
23.144   0.0360
23.768   0.0340
24.409   0.0320
25.068   0.0300
25.744   0.0280
26.439   0.0260
27.152   0.0250
27.885   0.0230
28.637   0.0220
29.41   0.0210
30.204   0.0210
31.019   0.0210
31.856   0.0210
32.715   0.0210
33.598   0.0210
34.504   0.0210
35.435   0.0210
36.392   0.0210
37.373   0.0210
38.382   0.0210
39.418   0.0210
40.481   0.0210
41.573   0.0210
42.695   0.0210
43.847   0.0210
45.03   0.0210
46.245   0.0210
47.493   0.0210
48.775   0.0210
50.091   0.0210
51.442   0.0210
52.83   0.0210
54.256   0.0210
55.72   0.0210
57.223   0.0210
58.767   0.0210
60.353   0.0210
61.981   0.0210
63.654   0.0210
65.371   0.0210
67.135   0.0210
68.946   0.0210
70.807   0.0210
72.717   0.0210
74.679   0.0210
76.694   0.0210
78.764   0.0210
80.889   0.0210
83.072   0.0210
85.313   0.0210
87.615   0.0210
89.979   0.0210
92.407   0.0210
94.9   0.0210
97.461   0.0210
100.09   0.0210
102.79   0.0210
105.57   0.0210
108.41   0.0210
111.34   0.0210
114.34   0.0210
117.43   0.0210
120.6   0.0210
123.85   0.0210
127.19   0.0210
130.62   0.0210
134.15   0.0210
137.77   0.0210
141.49   0.0210
145.3   0.0210
149.22   0.0210
153.25   0.0210
157.38   0.0210
161.63   0.0210
165.99   0.0210
170.47   0.0210
175.07   0.0210
179.79   0.0210
184.65   0.0210
189.63   0.0210
194.74   0.0210
200   0.0210
