1  27.5240
1.027  25.6870
1.055  23.9730
1.083  22.3730
1.112  20.8790
1.142  19.4860
1.173  18.1850
1.205  16.9720
1.237  15.8390
1.271  14.7820
1.305  13.8530
1.34  13.0530
1.376  12.2990
1.414  11.5890
1.452  10.9200
1.491  10.2890
1.531   9.6950
1.572   9.1350
1.615   8.6080
1.658   8.1110
1.703   7.6930
1.749   7.3410
1.796   7.0060
1.845   6.6850
1.895   6.3800
1.946   6.0880
1.998   5.8100
2.052   5.5450
2.107   5.2910
2.164   5.0490
2.223   4.8210
2.283   4.6530
2.344   4.4900
2.408   4.3330
2.473   4.1820
2.539   4.0360
2.608   3.8950
2.678   3.7590
2.75   3.6270
2.825   3.5010
2.901   3.3780
2.979   3.2600
3.059   3.1610
3.142   3.0660
3.227   2.9730
3.314   2.8830
3.403   2.7950
3.495   2.7110
3.589   2.6290
3.686   2.5490
3.786   2.4720
3.888   2.3970
3.993   2.3240
4.101   2.2540
4.211   2.1920
4.325   2.1360
4.441   2.0820
4.561   2.0290
4.684   1.9770
4.811   1.9270
4.941   1.8780
5.074   1.8310
5.211   1.7840
5.351   1.7390
5.496   1.6950
5.644   1.6510
5.796   1.6220
5.953   1.5940
6.113   1.5660
6.278   1.5390
6.448   1.5130
6.622   1.4870
6.8   1.4610
6.984   1.4360
7.172   1.4110
7.366   1.3870
7.565   1.3630
7.769   1.3390
7.978   1.3160
8.194   1.2940
8.415   1.2710
8.642   1.2490
8.875   1.2330
9.114   1.2180
9.36   1.2030
9.613   1.1890
9.872   1.1750
10.139   1.1600
10.412   1.1470
10.693   1.1330
10.982   1.1190
11.278   1.1060
11.582   1.0930
11.895   1.0800
12.216   1.0670
12.545   1.0590
12.884   1.0540
13.231   1.0490
13.588   1.0440
13.955   1.0390
14.332   1.0340
14.718   1.0290
15.115   1.0240
15.523   1.0190
15.942   1.0140
16.372   1.0090
16.814   1.0040
17.268   0.9990
17.734   0.9960
18.212   0.9950
18.704   0.9940
19.208   0.9930
19.727   0.9925
20.259   0.9920
20.805   0.9910
21.367   0.9900
21.943   0.9890
22.535   0.9880
23.144   0.9875
23.768   0.9870
24.409   0.9860
25.068   0.9857
25.744   0.9855
26.439   0.9852
27.152   0.9850
27.885   0.9850
28.637   0.9849
29.41   0.9848
30.204   0.9848
31.019   0.9847
31.856   0.9847
32.715   0.9846
33.598   0.9846
34.504   0.9845
35.435   0.9845
36.392   0.9844
37.373   0.9844
38.382   0.9843
39.418   0.9843
40.481   0.9842
41.573   0.9842
42.695   0.9841
43.847   0.9841
45.03   0.9840
46.245   0.9840
47.493   0.9840
48.775   0.9840
50.091   0.9840
51.442   0.9840
52.83   0.9840
54.256   0.9840
55.72   0.9840
57.223   0.9840
58.767   0.9840
60.353   0.9840
61.981   0.9840
63.654   0.9840
65.371   0.9840
67.135   0.9840
68.946   0.9840
70.807   0.9840
72.717   0.9840
74.679   0.9840
76.694   0.9840
78.764   0.9840
80.889   0.9840
83.072   0.9840
85.313   0.9840
87.615   0.9840
89.979   0.9840
92.407   0.9840
94.9   0.9840
97.461   0.9840
100.09   0.9840
102.79   0.9840
105.57   0.9840
108.41   0.9840
111.34   0.9840
114.34   0.9840
117.43   0.9840
120.6   0.9840
123.85   0.9840
127.19   0.9840
130.62   0.9840
134.15   0.9840
137.77   0.9840
141.49   0.9840
145.3   0.9840
149.22   0.9840
153.25   0.9840
157.38   0.9840
161.63   0.9840
165.99   0.9840
170.47   0.9840
175.07   0.9840
179.79   0.9840
184.65   0.9840
189.63   0.9840
194.74   0.9840
200   0.9840
