74.0208  302.733
74.1690  256.685
74.3175  215.907
74.4662  172.061
74.8395  135.348
75.0644  111.703
75.4406  89.3757
75.6673  67.3463
76.1988  53.7771
76.5808  42.5571
77.2731  34.2212
77.9717  27.6837
78.9130  22.8247
79.9456  18.7622
81.4790  15.1779
83.0419  12.6397
84.8891  10.5893
87.3869  8.50662
89.7785  7.23437
91.9593  6.24539
94.0988  5.49502
96.6741  4.87852
98.9234  4.38786
101.732  3.95841
105.250  3.50728
109.327  3.09207
113.561  2.76168
119.264  2.38414
124.380  2.11878
128.296  1.94418
134.470  1.71745
139.958  1.5509
145.816  1.40191
155.608  1.21268
170.093  0.99485
187.231  0.80802
209.839  0.63434
233.771  0.50400
261.215  0.40205
293.050  0.32008
318.730  0.27031
351.196  0.22556
388.131  0.18690
432.397  0.15379
474.539  0.12987
522.353  0.11012
575.560  0.09346
654.809  0.07576
739.033  0.06302
810.250  0.05501
888.330  0.04821
986.677  0.04195
1095.91  0.03669
1231.93  0.03199
1393.17  0.02806
1536.62  0.02549
1679.65  0.02349
1805.04  0.02201
1945.63  0.02066
2088.79  0.01966
2262.76  0.01872
2451.22  0.01793
2658.03  0.01733
2862.18  0.01680
3128.60  0.01625
3426.66  0.01580
3806.02  0.01537
4143.68  0.01508
4461.95  0.01485
4843.25  0.01457
5331.25  0.01431
5833.31  0.01410
6524.63  0.01389
7363.86  0.01373
8336.01  0.01362
10000.0  0.01349