75.97060 301.82600
76.42780 276.40000
77.11870 240.29100
77.97170 204.96700
78.91300 169.16100
80.18580 139.05200
81.31620 115.45100
82.46270 98.47960
83.79270 82.50420
85.14420 69.25870
86.69060 56.59090
88.53040 46.89200
90.22850 39.87890
92.14340 33.27630
94.38160 27.43570
96.28820 23.40250
98.62710 20.02230
100.82000 17.52880
104.51600 14.81800
107.26900 13.01160
110.64700 11.31170
114.70200 9.86353
118.43200 8.94276
122.65100 8.10794
127.40100 7.15523
133.13200 6.27042
138.98200 5.54470
145.23300 4.89808
153.44500 4.22003
164.24200 3.54253
176.50400 2.97380
190.06100 2.48641
205.68400 2.07267
222.81500 1.72951
245.51100 1.39074
272.14700 1.11164
295.69900 0.92759
322.90000 0.77557
352.60300 0.64522
383.88500 0.54326
412.13200 0.47087
454.11200 0.38862
495.88500 0.32819
554.09900 0.26682
607.49400 0.22534
664.70500 0.18992
719.34600 0.16330
798.18700 0.13572
854.35200 0.12049
914.46800 0.10740
986.67700 0.09441
1074.21000 0.08158
1159.03000 0.07171
1241.83000 0.06417
1323.90000 0.05795
1400.16000 0.05344
1500.18000 0.04816
1607.35000 0.04362
1693.14000 0.04059
1787.08000 0.03777
1874.95000 0.03564
1967.15000 0.03367
2103.46000 0.03136
2258.24000 0.02895
2409.90000 0.02713
2595.00000 0.02527
2774.82000 0.02387
3024.01000 0.02228
3259.54000 0.02111
3478.44000 0.02022
3678.79000 0.01945
3969.28000 0.01855
4257.09000 0.01791
4552.08000 0.01732
4887.03000 0.01680
5204.82000 0.01634
5537.73000 0.01598
5886.05000 0.01568
6268.80000 0.01543
6723.34000 0.01517
7182.05000 0.01495
7687.42000 0.01476
8386.18000 0.01456
9231.16000 0.01438
10000.00000 0.01422
