89.3307  303.339
89.6888  272.83
89.9583  245.39
90.4996  214.616
90.7715  188.077
91.5922  151.691
92.2356  124.942
93.0694  99.4694
93.9108  79.4278
94.5705  63.9978
95.5210  50.9502
96.3845  41.5479
97.3532  34.5306
98.6271  27.7947
99.5187  24.019
100.820  20.2437
102.242  17.5463
103.683  15.1628
105.461  13.2083
107.162  11.5403
108.673  10.4212
111.201  8.8715
113.221  7.95534
115.277  7.11954
117.606  6.37793
120.463  5.74795
123.636  5.12865
128.168  4.46756
133.666  3.84911
139.399  3.40703
145.524  2.98572
153.138  2.56726
160.347  2.26107
168.569  1.96372
178.813  1.6717
189.491  1.43453
199.406  1.26344
210.891  1.10278
223.261  0.96448
240.169  0.81533
258.357  0.69547
281.841  0.57974
312.418  0.47040
341.840  0.39330
374.033  0.32983
414.612  0.26950
458.676  0.22287
503.379  0.18690
550.234  0.15895
597.254  0.13694
647.645  0.11893
714.329  0.10135
778.480  0.08732
850.941  0.07538
940.435  0.06449
1025.91  0.05646
1142.92  0.04845
1259.33  0.04237
1354.71  0.03857
1461.68  0.03518
1581.83  0.03202
1698.23  0.02968
1825.01  0.02745
1965.18  0.02552
2133.12  0.02367
2271.83  0.02236
2414.72  0.02123
2574.32  0.02019
2741.72  0.01930
2955.25  0.01838
3172.71  0.01766
3395.95  0.01705
3591.55  0.01658
3802.22  0.01619
4065.70  0.01584
4421.97  0.01546
4752.09  0.01520
5230.91  0.01491
5792.62  0.01460
6325.47  0.01437
6969.79  0.01420
7641.43  0.01406
8658.87  0.01393
10000.0  0.01382