115.855  307.001
116.087  267.963
116.436  232.723
116.786  187.889
117.842  145.598
118.669  115.567
119.742  92.7446
120.946  75.0271
122.774  60.2106
124.380  48.9034
126.134  40.0387
127.912  33.9146
129.845  28.4414
131.413  24.9493
133.132  21.9298
134.874  19.1604
136.093  17.3544
138.150  15.0419
139.958  13.3945
142.073  11.8561
144.076  10.5893
146.693  9.44839
149.507  8.43883
152.222  7.45469
156.232  6.44847
160.347  5.63977
164.078  5.0271
168.232  4.44972
172.836  3.9703
176.857  3.59967
180.610  3.3329
184.998  3.07973
191.779  2.7342
197.619  2.50137
204.045  2.26787
211.948  2.03774
220.598  1.82365
229.831  1.62716
248.227  1.33354
268.901  1.1072
288.976  0.93504
310.860  0.78886
336.078  0.66288
363.342  0.56092
399.552  0.46155
433.262  0.39409
473.117  0.32983
506.915  0.28674
548.585  0.24680
594.276  0.21136
678.811  0.1661
753.209  0.13694
824.967  0.11669
901.755  0.10004
989.642  0.08593
1083.92  0.07426
1176.55  0.06527
1288.64  0.05708
1409.99  0.05002
1542.78  0.04432
1662.94  0.04010
1787.08  0.03658
1922.42  0.03356
2070.07  0.03095
2260.50  0.02817
2451.22  0.02603
2610.61  0.02454
2777.59  0.02325
2984.96  0.02181
3179.06  0.02073
3368.90  0.01981
3613.17  0.01881
3848.12  0.01805
4114.78  0.01738
4408.72  0.01673
4733.12  0.01617
5127.33  0.01569
5526.67  0.01532
6023.00  0.01500
6492.09  0.01478
7153.38  0.01457
7913.62  0.01434
8789.74  0.01420
10000.0  0.01413