120.82500 303.64200
121.30900 287.39300
122.16100 266.89400
123.26600 236.95000
124.50500 211.20900
125.88200 185.83300
127.52900 162.52800
129.19700 141.29500
131.15000 121.37000
132.73300 107.10900
134.87400 91.54670
136.91300 78.55890
138.84300 69.67550
140.80000 61.24290
142.92800 53.40200
145.23300 46.56490
147.87100 40.68450
150.70800 34.87770
153.13800 30.56470
156.54500 26.33360
159.86700 22.93910
164.40700 19.33360
168.73700 16.64060
173.18200 14.40880
177.21100 12.83070
182.24300 11.25530
187.41800 9.91298
193.90000 8.71324
199.20700 7.81343
205.68400 6.92989
211.73700 6.28297
218.84000 5.65106
230.29100 4.87852
240.40900 4.30528
250.22100 3.87227
260.43200 3.47934
273.23800 3.07050
286.67300 2.72329
305.01000 2.35100
319.68700 2.09770
336.41400 1.87168
357.57400 1.63042
386.19500 1.37553
415.02700 1.18274
450.04300 1.00084
493.90500 0.82931
550.23400 0.66821
609.32000 0.54817
685.63300 0.43511
769.96300 0.34918
869.00000 0.27855
968.10700 0.22828
1089.35000 0.18394
1213.59000 0.15105
1357.42000 0.12330
1535.08000 0.09994
1737.74000 0.08134
1878.71000 0.07164
2057.69000 0.06166
2238.00000 0.05398
2405.08000 0.04855
2584.64000 0.04371
2785.94000 0.03951
2970.07000 0.03629
3175.88000 0.03337
3443.83000 0.03059
3704.64000 0.02829
4045.42000 0.02588
4347.43000 0.02425
4704.81000 0.02273
5056.05000 0.02138
5488.12000 0.02020
5856.69000 0.01935
6363.54000 0.01842
6804.50000 0.01784
7254.23000 0.01733
7679.73000 0.01690
8336.01000 0.01636
8976.27000 0.01589
9550.42000 0.01557
10000.00000 0.01534
