1  25.0040
1.027  21.7460
1.055  18.9130
1.083  16.4490
1.112  14.3060
1.142  12.4420
1.173  10.8210
1.205   9.4110
1.237   8.1850
1.271   7.5360
1.305   6.9730
1.34   6.4510
1.376   5.9690
1.414   5.5220
1.452   5.1100
1.491   4.7270
1.531   4.4120
1.572   4.2140
1.615   4.0240
1.658   3.8440
1.703   3.6710
1.749   3.5060
1.796   3.3480
1.845   3.1980
1.895   3.0540
1.946   2.9170
1.998   2.7850
2.052   2.6590
2.107   2.5380
2.164   2.4230
2.223   2.3130
2.283   2.2080
2.344   2.1080
2.408   2.0130
2.473   1.9210
2.539   1.8340
2.608   1.7510
2.678   1.6670
2.75   1.5840
2.825   1.5040
2.901   1.4290
2.979   1.3570
3.059   1.2890
3.142   1.2240
3.227   1.1630
3.314   1.1130
3.403   1.0680
3.495   1.0250
3.589   0.9840
3.686   0.9440
3.786   0.9060
3.888   0.8700
3.993   0.8350
4.101   0.8010
4.211   0.7690
4.325   0.7380
4.441   0.7080
4.561   0.6700
4.684   0.6330
4.811   0.5970
4.941   0.5640
5.074   0.5330
5.211   0.5040
5.351   0.4760
5.496   0.4490
5.644   0.4240
5.796   0.3990
5.953   0.3750
6.113   0.3520
6.278   0.3300
6.448   0.3100
6.622   0.2910
6.8   0.2730
6.984   0.2560
7.172   0.2400
7.366   0.2220
7.565   0.2050
7.769   0.1890
7.978   0.1740
8.194   0.1610
8.415   0.1480
8.642   0.1350
8.875   0.1220
9.114   0.1120
9.36   0.1020
9.613   0.0870
9.872   0.0740
10.139   0.0610
10.412   0.0490
10.693   0.0410
10.982   0.0380
11.278   0.0340
11.582   0.0320
11.895   0.0300
12.216   0.0280
12.545   0.0260
12.884   0.0240
13.231   0.0230
13.588   0.0220
13.955   0.0210
14.332   0.0200
14.718   0.0190
15.115   0.0185
15.523   0.0180
15.942   0.0177
16.372   0.0173
16.814   0.0170
17.268   0.0167
17.734   0.0163
18.212   0.0160
18.704   0.0159
19.208   0.0159
19.727   0.0158
20.259   0.0158
20.805   0.0157
21.367   0.0157
21.943   0.0156
22.535   0.0156
23.144   0.0155
23.768   0.0155
24.409   0.0154
25.068   0.0154
25.744   0.0153
26.439   0.0153
27.152   0.0152
27.885   0.0152
28.637   0.0151
29.41   0.0151
30.204   0.0150
31.019   0.0150
31.856   0.0150
32.715   0.0150
33.598   0.0150
34.504   0.0150
35.435   0.0150
36.392   0.0150
37.373   0.0150
38.382   0.0150
39.418   0.0150
40.481   0.0150
41.573   0.0150
42.695   0.0150
43.847   0.0150
45.03   0.0150
46.245   0.0150
47.493   0.0150
48.775   0.0150
50.091   0.0150
51.442   0.0150
52.83   0.0150
54.256   0.0150
55.72   0.0150
57.223   0.0150
58.767   0.0150
60.353   0.0150
61.981   0.0150
63.654   0.0150
65.371   0.0150
67.135   0.0150
68.946   0.0150
70.807   0.0150
72.717   0.0150
74.679   0.0150
76.694   0.0150
78.764   0.0150
80.889   0.0150
83.072   0.0150
85.313   0.0150
87.615   0.0150
89.979   0.0150
92.407   0.0150
94.9   0.0150
97.461   0.0150
100.09   0.0150
102.79   0.0150
105.57   0.0150
108.41   0.0150
111.34   0.0150
114.34   0.0150
117.43   0.0150
120.6   0.0150
123.85   0.0150
127.19   0.0150
130.62   0.0150
134.15   0.0150
137.77   0.0150
141.49   0.0150
145.3   0.0150
149.22   0.0150
153.25   0.0150
157.38   0.0150
161.63   0.0150
165.99   0.0150
170.47   0.0150
175.07   0.0150
179.79   0.0150
184.65   0.0150
189.63   0.0150
194.74   0.0150
200   0.0150
