0.00000 0.00000
152.83200 302.12800
154.06000 275.84800
156.07600 236.00400
157.80200 206.20100
159.22900 179.62100
161.15100 152.75700
163.91400 128.10500
166.39100 106.04300
168.90600 91.27250
170.94500 80.22610
174.22400 66.01280
176.68000 57.73410
179.53000 48.17540
182.42600 42.30250
185.92500 36.77600
188.92400 32.16390
191.77900 28.64120
195.26200 25.17480
200.60600 21.00680
205.68400 18.00850
211.52500 15.39190
217.09700 13.32770
221.92600 11.93940
227.31600 10.63170
233.30400 9.42009
238.97100 8.41356
246.00300 7.46215
252.23000 6.71164
259.13300 6.07902
267.02500 5.45669
275.98400 4.91771
286.96000 4.41869
296.88400 4.00219
310.54900 3.59967
327.45300 3.19581
343.21000 2.88880
362.97800 2.55446
385.80900 2.23410
410.89700 1.95392
443.78600 1.65838
480.26700 1.41742
530.24700 1.16048
576.13600 0.97808
626.62200 0.83097
685.63300 0.69408
766.89000 0.55479
842.47400 0.46248
966.17300 0.35552
1055.04000 0.29934
1159.03000 0.25003
1274.54000 0.20947
1386.22000 0.17922
1524.37000 0.15165
1669.60000 0.12871
1841.51000 0.10827
2020.98000 0.09244
2222.39000 0.07901
2388.31000 0.07022
2528.40000 0.06417
2730.77000 0.05697
2946.40000 0.05089
3144.28000 0.04641
3355.45000 0.04250
3577.22000 0.03900
3848.12000 0.03561
4069.76000 0.03323
4426.39000 0.03037
4804.65000 0.02787
5071.24000 0.02643
5363.33000 0.02499
5729.25000 0.02361
6200.22000 0.02210
6610.01000 0.02100
7075.12000 0.02008
7542.73000 0.01925
8017.16000 0.01859
8495.91000 0.01806
9021.27000 0.01756
9569.54000 0.01709
10000.00000 0.01675
