14.4884  300.922
14.5028  67.0775
14.5174  53.242
14.5464  41.6311
14.6047  33.7792
14.6926  26.8387
14.8106  21.1543
14.9744  15.8607
15.0947  13.5021
15.2312  11.8679
15.3843  10.4839
15.5078  9.46731
15.7737  8.47266
16.1246  7.57493
16.5990  6.63822
17.1388  5.81153
17.9815  4.85419
18.9035  4.11584
19.7933  3.52839
20.8082  3.02176
21.7224  2.6667
22.7905  2.32993
24.2240  1.97553
25.8768  1.66502
27.5870  1.42168
29.3222  1.22487
32.4385  0.97126
34.9649  0.81859
37.6505  0.69408
40.7863  0.57916
44.9858  0.47276
48.8789  0.40005
53.3752  0.33381
58.1105  0.28219
64.2220  0.23243
70.4107  0.19550
77.2731  0.16428
83.2914  0.14339
91.1353  0.12231
100.619  0.10247
109.655  0.08899
119.145  0.07791
128.296  0.06917
138.704  0.06135
150.106  0.05463
163.423  0.04816
173.355  0.04432
186.483  0.04018
199.805  0.03684
221.261  0.03274
245.511  0.02924
274.059  0.02624
299.569  0.02410
322.255  0.02254
349.095  0.02106
381.970  0.01969
411.720  0.01868
442.015  0.01793
477.872  0.01726
512.522  0.01670
557.991  0.01608
608.711  0.01558
660.068  0.01525
724.399  0.01490
798.986  0.01463
883.016  0.01439
971.016  0.01419
1060.33  0.01403
1169.51  0.01388
1253.05  0.01382
1354.71  0.01374
1451.48  0.01368
1561.40  0.01363
1671.27  0.01360
1797.84  0.01359
1961.26  0.01356
2156.71  0.01353
2393.09  0.01351
2766.51  0.01348
10000.0  0.01329