13.87860 277.50800
13.93420 234.59200
13.99000 196.14400
14.03210 157.56700
14.04610 126.70300
14.08830 102.60100
14.15890 84.93190
14.30120 67.01040
14.50280 52.87060
14.67790 44.24960
14.91470 35.36940
15.12490 28.98700
15.32290 24.65170
15.49230 21.49550
15.66370 19.33360
15.88450 17.58140
16.25410 15.50000
16.73240 13.51560
17.08750 12.29070
17.55510 10.96650
17.94560 10.08290
18.38150 9.29842
18.84680 8.57494
19.45970 7.79782
20.13270 7.04870
20.62170 6.60511
21.44190 5.95865
22.51870 5.24273
23.72060 4.59902
25.08690 4.02628
26.79850 3.47934
28.59830 2.97678
30.27570 2.60346
32.40610 2.24306
34.54790 1.93448
37.16420 1.64187
39.93870 1.40612
42.23910 1.23842
44.85100 1.09072
48.05500 0.93879
51.33360 0.81533
55.27640 0.69966
59.40310 0.60281
63.77400 0.52196
68.46660 0.45106
73.21100 0.39252
79.15010 0.33549
85.40000 0.28876
91.59220 0.25078
99.12140 0.21564
106.62700 0.18746
115.39300 0.16297
128.42500 0.13477
139.95800 0.11577
152.52700 0.09924
166.72400 0.08508
181.87900 0.07352
199.00800 0.06366
218.40300 0.05534
240.89100 0.04792
261.21500 0.04272
287.24700 0.03766
318.41100 0.03317
347.35400 0.03013
375.15600 0.02790
406.80900 0.02581
437.61700 0.02411
477.39400 0.02250
515.09100 0.02121
549.13400 0.02026
586.01400 0.01939
622.25100 0.01864
667.36900 0.01795
702.28800 0.01749
739.77300 0.01709
797.38900 0.01659
871.61100 0.01611
954.64800 0.01565
1052.94000 0.01527
1145.20000 0.01495
1243.07000 0.01473
1346.60000 0.01453
1439.91000 0.01439
1558.28000 0.01426
1674.62000 0.01415
1796.04000 0.01404
1928.20000 0.01394
2148.10000 0.01384
2434.12000 0.01373
2636.85000 0.01367
2920.00000 0.01366
3419.81000 0.01362
4210.52000 0.01358
6472.65000 0.01355
8025.19000 0.01353
10000.00000 0.01351
