190.441  303.339
190.822  264.767
191.396  227.204
192.355  195.556
192.933  165.314
193.706  140.169
195.067  117.079
196.045  100.268
197.619  83.3334
199.207  71.3679
200.807  60.8766
202.622  50.8992
204.659  43.0709
206.715  36.301
209.211  31.0577
212.160  26.5451
214.722  22.6429
218.403  18.8751
221.704  16.1488
225.280  13.997
229.371  12.0835
234.474  10.1842
239.929  8.61792
246.003  7.4398
249.971  6.74528
254.511  6.12172
260.954  5.44035
267.560  4.84449
274.059  4.33552
280.716  3.92687
287.822  3.57813
293.050  3.34625
300.769  3.0613
311.794  2.7342
321.290  2.49887
336.414  2.20084
349.794  1.97553
364.069  1.76445
383.118  1.54471
400.752  1.38381
424.683  1.20905
464.213  0.99485
504.891  0.82517
559.668  0.66023
615.443  0.54055
674.751  0.44612
737.557  0.36818
809.440  0.30508
894.570  0.24903
971.016  0.21178
1051.88  0.18137
1134.94  0.15705
1225.79  0.13626
1331.87  0.1174
1447.13  0.10185
1567.66  0.08917
1677.97  0.07996
1778.17  0.07300
1901.39  0.06593
2029.08  0.05953
2198.08  0.05306
2400.28  0.04664
2597.59  0.04195
2847.91  0.03721
3116.11  0.03363
3399.35  0.03049
3730.66  0.02767
4005.17  0.02585
4377.97  0.02375
4695.41  0.02232
5076.31  0.02091
5411.82  0.01997
5903.73  0.01877
6344.48  0.01798
6784.12  0.01738
7268.75  0.01682
7772.44  0.01635
8419.79  0.01590
9185.12  0.01554
10000.0  0.01535