191.39600 299.72100
192.74000 273.92400
194.28800 238.85300
195.84900 210.36600
198.80900 173.09600
201.00800 146.18100
204.04500 121.12800
206.92200 102.29300
209.63000 86.12930
212.37300 75.32780
215.58200 63.74230
218.18500 55.24890
222.14800 46.47190
226.18300 39.99870
230.75200 34.22120
234.70800 29.81010
240.16900 25.40240
246.74200 21.77680
251.47500 19.52790
259.13300 16.65720
265.69300 14.67060
273.51100 12.79230
281.27800 11.28910
290.42400 9.92289
299.86800 8.81843
307.76700 8.05138
316.82300 7.33637
329.09400 6.55903
350.14400 5.58924
368.09600 4.85419
386.19500 4.27098
402.76100 3.82608
417.94200 3.46891
435.87000 3.12003
460.05400 2.73420
488.99100 2.35806
521.83100 2.03774
552.43900 1.78754
591.90300 1.54317
632.91900 1.33088
683.58000 1.13070
736.82000 0.96256
800.58500 0.81208
861.21400 0.70106
937.61800 0.58969
1019.78000 0.49800
1113.58000 0.41888
1202.72000 0.36126
1312.04000 0.30570
1407.17000 0.26897
1552.06000 0.22466
1676.29000 0.19512
1834.16000 0.16494
2000.88000 0.14083
2178.39000 0.12110
2407.49000 0.10155
2628.95000 0.08723
2902.54000 0.07441
3122.35000 0.06606
3358.80000 0.05877
3616.78000 0.05249
3871.28000 0.04745
4181.14000 0.04255
4461.95000 0.03892
4843.25000 0.03511
5299.35000 0.03168
5706.38000 0.02918
6126.26000 0.02724
6596.80000 0.02522
6941.96000 0.02408
7349.15000 0.02300
7780.22000 0.02201
8294.43000 0.02102
8807.33000 0.02022
9559.97000 0.01915
10000.00000 0.01863
