1   2.7750
1.027   2.6080
1.055   2.4510
1.083   2.3030
1.112   2.1650
1.142   2.0340
1.173   1.9120
1.205   1.7970
1.237   1.6880
1.271   1.5870
1.305   1.4910
1.34   1.4080
1.376   1.3340
1.414   1.2640
1.452   1.1980
1.491   1.1350
1.531   1.0760
1.572   1.0200
1.615   0.9660
1.658   0.9160
1.703   0.8680
1.749   0.8230
1.796   0.7860
1.845   0.7500
1.895   0.7160
1.946   0.6830
1.998   0.6520
2.052   0.6230
2.107   0.5940
2.164   0.5670
2.223   0.5410
2.283   0.5170
2.344   0.4940
2.408   0.4720
2.473   0.4510
2.539   0.4310
2.608   0.4110
2.678   0.3930
2.75   0.3760
2.825   0.3590
2.901   0.3430
2.979   0.3280
3.059   0.3130
3.142   0.3000
3.227   0.2870
3.314   0.2740
3.403   0.2620
3.495   0.2510
3.589   0.2400
3.686   0.2300
3.786   0.2200
3.888   0.2100
3.993   0.2010
4.101   0.1930
4.211   0.1860
4.325   0.1790
4.441   0.1720
4.561   0.1660
4.684   0.1600
4.811   0.1540
4.941   0.1480
5.074   0.1430
5.211   0.1370
5.351   0.1320
5.496   0.1270
5.644   0.1230
5.796   0.1180
5.953   0.1140
6.113   0.1100
6.278   0.1060
6.448   0.1020
6.622   0.0980
6.8   0.0950
6.984   0.0910
7.172   0.0880
7.366   0.0850
7.565   0.0820
7.769   0.0790
7.978   0.0760
8.194   0.0740
8.415   0.0700
8.642   0.0670
8.875   0.0640
9.114   0.0620
9.36   0.0590
9.613   0.0560
9.872   0.0540
10.139   0.0520
10.412   0.0490
10.693   0.0470
10.982   0.0450
11.278   0.0430
11.582   0.0410
11.895   0.0390
12.216   0.0370
12.545   0.0360
12.884   0.0340
13.231   0.0330
13.588   0.0310
13.955   0.0300
14.332   0.0290
14.718   0.0280
15.115   0.0270
15.523   0.0265
15.942   0.0260
16.372   0.0250
16.814   0.0240
17.268   0.0235
17.734   0.0230
18.212   0.0220
18.704   0.0215
19.208   0.0210
19.727   0.0205
20.259   0.0200
20.805   0.0197
21.367   0.0193
21.943   0.0190
22.535   0.0185
23.144   0.0180
23.768   0.0178
24.409   0.0176
25.068   0.0174
25.744   0.0172
26.439   0.0170
27.152   0.0169
27.885   0.0169
28.637   0.0168
29.41   0.0168
30.204   0.0167
31.019   0.0167
31.856   0.0166
32.715   0.0166
33.598   0.0165
34.504   0.0165
35.435   0.0164
36.392   0.0164
37.373   0.0163
38.382   0.0163
39.418   0.0162
40.481   0.0162
41.573   0.0161
42.695   0.0161
43.847   0.0160
45.03   0.0160
46.245   0.0160
47.493   0.0160
48.775   0.0160
50.091   0.0160
51.442   0.0160
52.83   0.0160
54.256   0.0160
55.72   0.0160
57.223   0.0160
58.767   0.0160
60.353   0.0160
61.981   0.0160
63.654   0.0160
65.371   0.0160
67.135   0.0160
68.946   0.0160
70.807   0.0160
72.717   0.0160
74.679   0.0160
76.694   0.0160
78.764   0.0160
80.889   0.0160
83.072   0.0160
85.313   0.0160
87.615   0.0160
89.979   0.0160
92.407   0.0160
94.9   0.0160
97.461   0.0160
100.09   0.0160
102.79   0.0160
105.57   0.0160
108.41   0.0160
111.34   0.0160
114.34   0.0160
117.43   0.0160
120.6   0.0160
123.85   0.0160
127.19   0.0160
130.62   0.0160
134.15   0.0160
137.77   0.0160
141.49   0.0160
145.3   0.0160
149.22   0.0160
153.25   0.0160
157.38   0.0160
161.63   0.0160
165.99   0.0160
170.47   0.0160
175.07   0.0160
179.79   0.0160
184.65   0.0160
189.63   0.0160
194.74   0.0160
200   0.0160
