1  11.4420
1.027  11.2030
1.055  10.9690
1.083  10.7400
1.112  10.5160
1.142  10.2960
1.173  10.0810
1.205   9.8710
1.237   9.6640
1.271   9.4630
1.305   9.2650
1.34   9.0720
1.376   8.8820
1.414   8.6970
1.452   8.5150
1.491   8.3370
1.531   8.1630
1.572   7.9930
1.615   7.8260
1.658   7.7240
1.703   7.6320
1.749   7.5410
1.796   7.4520
1.845   7.3630
1.895   7.2750
1.946   7.1890
1.998   7.1030
2.052   7.0190
2.107   6.9350
2.164   6.8530
2.223   6.7710
2.283   6.6910
2.344   6.6110
2.408   6.5320
2.473   6.4550
2.539   6.3780
2.608   6.3020
2.678   6.2530
2.75   6.2170
2.825   6.1810
2.901   6.1450
2.979   6.1090
3.059   6.0740
3.142   6.0390
3.227   6.0040
3.314   5.9690
3.403   5.9340
3.495   5.9000
3.589   5.8660
3.686   5.8320
3.786   5.7980
3.888   5.7640
3.993   5.7310
4.101   5.7010
4.211   5.6780
4.325   5.6560
4.441   5.6340
4.561   5.6110
4.684   5.5890
4.811   5.5670
4.941   5.5450
5.074   5.5240
5.211   5.5020
5.351   5.4800
5.496   5.4590
5.644   5.4370
5.796   5.4160
5.953   5.3940
6.113   5.3790
6.278   5.3700
6.448   5.3610
6.622   5.3520
6.8   5.3430
6.984   5.3350
7.172   5.3260
7.366   5.3170
7.565   5.3080
7.769   5.2990
7.978   5.2900
8.194   5.2810
8.415   5.2720
8.642   5.2640
8.875   5.2550
9.114   5.2460
9.36   5.2370
9.613   5.2280
9.872   5.2200
10.139   5.2110
10.412   5.2108
10.693   5.2105
10.982   5.2103
11.278   5.2101
11.582   5.2098
11.895   5.2096
12.216   5.2094
12.545   5.2092
12.884   5.2089
13.231   5.2087
13.588   5.2085
13.955   5.2082
14.332   5.2080
14.718   5.2080
15.115   5.2079
15.523   5.2078
15.942   5.2078
16.372   5.2077
16.814   5.2077
17.268   5.2077
17.734   5.2076
18.212   5.2076
18.704   5.2075
19.208   5.2075
19.727   5.2074
20.259   5.2073
20.805   5.2073
21.367   5.2072
21.943   5.2072
22.535   5.2071
23.144   5.2071
23.768   5.2070
24.409   5.2070
25.068   5.2070
25.744   5.2070
26.439   5.2070
27.152   5.2070
27.885   5.2070
28.637   5.2070
29.41   5.2070
30.204   5.2070
31.019   5.2070
31.856   5.2070
32.715   5.2070
33.598   5.2070
34.504   5.2070
35.435   5.2070
36.392   5.2070
37.373   5.2070
38.382   5.2070
39.418   5.2070
40.481   5.2070
41.573   5.2070
42.695   5.2070
43.847   5.2070
45.03   5.2070
46.245   5.2070
47.493   5.2070
48.775   5.2070
50.091   5.2070
51.442   5.2070
52.83   5.2070
54.256   5.2070
55.72   5.2070
57.223   5.2070
58.767   5.2070
60.353   5.2070
61.981   5.2070
63.654   5.2070
65.371   5.2070
67.135   5.2070
68.946   5.2070
70.807   5.2070
72.717   5.2070
74.679   5.2070
76.694   5.2070
78.764   5.2070
80.889   5.2070
83.072   5.2070
85.313   5.2070
87.615   5.2070
89.979   5.2070
92.407   5.2070
94.9   5.2070
97.461   5.2070
100.09   5.2070
102.79   5.2070
105.57   5.2070
108.41   5.2070
111.34   5.2070
114.34   5.2070
117.43   5.2070
120.6   5.2070
123.85   5.2070
127.19   5.2070
130.62   5.2070
134.15   5.2070
137.77   5.2070
141.49   5.2070
145.3   5.2070
149.22   5.2070
153.25   5.2070
157.38   5.2070
161.63   5.2070
165.99   5.2070
170.47   5.2070
175.07   5.2070
179.79   5.2070
184.65   5.2070
189.63   5.2070
194.74   5.2070
200   5.2070
