1   0.1390
1.027   0.1270
1.055   0.1160
1.083   0.1050
1.112   0.0960
1.142   0.0880
1.173   0.0800
1.205   0.0730
1.237   0.0660
1.271   0.0600
1.305   0.0550
1.34   0.0500
1.376   0.0460
1.414   0.0420
1.452   0.0390
1.491   0.0370
1.531   0.0340
1.572   0.0320
1.615   0.0300
1.658   0.0290
1.703   0.0270
1.749   0.0260
1.796   0.0250
1.845   0.0240
1.895   0.0235
1.946   0.0230
1.998   0.0220
2.052   0.0215
2.107   0.0210
2.164   0.0205
2.223   0.0200
2.283   0.0197
2.344   0.0195
2.408   0.0192
2.473   0.0190
2.539   0.0187
2.608   0.0185
2.678   0.0182
2.75   0.0180
2.825   0.0179
2.901   0.0177
2.979   0.0176
3.059   0.0174
3.142   0.0173
3.227   0.0171
3.314   0.0170
3.403   0.0169
3.495   0.0168
3.589   0.0167
3.686   0.0165
3.786   0.0164
3.888   0.0163
3.993   0.0162
4.101   0.0161
4.211   0.0160
4.325   0.0159
4.441   0.0159
4.561   0.0158
4.684   0.0158
4.811   0.0157
4.941   0.0157
5.074   0.0156
5.211   0.0156
5.351   0.0155
5.496   0.0155
5.644   0.0154
5.796   0.0154
5.953   0.0153
6.113   0.0153
6.278   0.0152
6.448   0.0152
6.622   0.0151
6.8   0.0151
6.984   0.0150
7.172   0.0150
7.366   0.0150
7.565   0.0150
7.769   0.0150
7.978   0.0150
8.194   0.0150
8.415   0.0150
8.642   0.0150
8.875   0.0150
9.114   0.0150
9.36   0.0150
9.613   0.0150
9.872   0.0150
10.139   0.0150
10.412   0.0150
10.693   0.0150
10.982   0.0150
11.278   0.0150
11.582   0.0150
11.895   0.0150
12.216   0.0150
12.545   0.0150
12.884   0.0150
13.231   0.0150
13.588   0.0150
13.955   0.0150
14.332   0.0150
14.718   0.0150
15.115   0.0150
15.523   0.0150
15.942   0.0150
16.372   0.0150
16.814   0.0150
17.268   0.0150
17.734   0.0150
18.212   0.0150
18.704   0.0150
19.208   0.0150
19.727   0.0150
20.259   0.0150
20.805   0.0150
21.367   0.0150
21.943   0.0150
22.535   0.0150
23.144   0.0150
23.768   0.0150
24.409   0.0150
25.068   0.0150
25.744   0.0150
26.439   0.0150
27.152   0.0150
27.885   0.0150
28.637   0.0150
29.41   0.0150
30.204   0.0150
31.019   0.0150
31.856   0.0150
32.715   0.0150
33.598   0.0150
34.504   0.0150
35.435   0.0150
36.392   0.0150
37.373   0.0150
38.382   0.0150
39.418   0.0150
40.481   0.0150
41.573   0.0150
42.695   0.0150
43.847   0.0150
45.03   0.0150
46.245   0.0150
47.493   0.0150
48.775   0.0150
50.091   0.0150
51.442   0.0150
52.83   0.0150
54.256   0.0150
55.72   0.0150
57.223   0.0150
58.767   0.0150
60.353   0.0150
61.981   0.0150
63.654   0.0150
65.371   0.0150
67.135   0.0150
68.946   0.0150
70.807   0.0150
72.717   0.0150
74.679   0.0150
76.694   0.0150
78.764   0.0150
80.889   0.0150
83.072   0.0150
85.313   0.0150
87.615   0.0150
89.979   0.0150
92.407   0.0150
94.9   0.0150
97.461   0.0150
100.09   0.0150
102.79   0.0150
105.57   0.0150
108.41   0.0150
111.34   0.0150
114.34   0.0150
117.43   0.0150
120.6   0.0150
123.85   0.0150
127.19   0.0150
130.62   0.0150
134.15   0.0150
137.77   0.0150
141.49   0.0150
145.3   0.0150
149.22   0.0150
153.25   0.0150
157.38   0.0150
161.63   0.0150
165.99   0.0150
170.47   0.0150
175.07   0.0150
179.79   0.0150
184.65   0.0150
189.63   0.0150
194.74   0.0150
200   0.0150
