1   5.9720
1.027   5.5630
1.055   5.1810
1.083   4.8260
1.112   4.4950
1.142   4.1870
1.173   3.9000
1.205   3.6320
1.237   3.3830
1.271   3.1510
1.305   2.9800
1.34   2.8330
1.376   2.6940
1.414   2.5620
1.452   2.4360
1.491   2.3160
1.531   2.2030
1.572   2.0940
1.615   1.9920
1.658   1.8940
1.703   1.8110
1.749   1.7350
1.796   1.6620
1.845   1.5920
1.895   1.5250
1.946   1.4610
1.998   1.3990
2.052   1.3350
2.107   1.2710
2.164   1.2100
2.223   1.1510
2.283   1.0960
2.344   1.0430
2.408   0.9900
2.473   0.9400
2.539   0.8930
2.608   0.8480
2.678   0.8050
2.75   0.7640
2.825   0.7270
2.901   0.6910
2.979   0.6570
3.059   0.6250
3.142   0.5940
3.227   0.5650
3.314   0.5380
3.403   0.5120
3.495   0.4890
3.589   0.4680
3.686   0.4480
3.786   0.4280
3.888   0.4100
3.993   0.3920
4.101   0.3750
4.211   0.3590
4.325   0.3430
4.441   0.3280
4.561   0.3140
4.684   0.3010
4.811   0.2880
4.941   0.2750
5.074   0.2630
5.211   0.2520
5.351   0.2410
5.496   0.2310
5.644   0.2210
5.796   0.2120
5.953   0.2030
6.113   0.1940
6.278   0.1860
6.448   0.1780
6.622   0.1710
6.8   0.1630
6.984   0.1570
7.172   0.1500
7.366   0.1440
7.565   0.1380
7.769   0.1320
7.978   0.1270
8.194   0.1220
8.415   0.1170
8.642   0.1120
8.875   0.1070
9.114   0.1030
9.36   0.0990
9.613   0.0950
9.872   0.0910
10.139   0.0880
10.412   0.0840
10.693   0.0810
10.982   0.0780
11.278   0.0750
11.582   0.0720
11.895   0.0700
12.216   0.0670
12.545   0.0630
12.884   0.0600
13.231   0.0580
13.588   0.0550
13.955   0.0520
14.332   0.0500
14.718   0.0470
15.115   0.0440
15.523   0.0410
15.942   0.0390
16.372   0.0360
16.814   0.0350
17.268   0.0340
17.734   0.0320
18.212   0.0310
18.704   0.0300
19.208   0.0290
19.727   0.0280
20.259   0.0270
20.805   0.0260
21.367   0.0255
21.943   0.0250
22.535   0.0245
23.144   0.0240
23.768   0.0235
24.409   0.0230
25.068   0.0220
25.744   0.0217
26.439   0.0213
27.152   0.0210
27.885   0.0209
28.637   0.0209
29.41   0.0208
30.204   0.0208
31.019   0.0207
31.856   0.0207
32.715   0.0206
33.598   0.0206
34.504   0.0205
35.435   0.0205
36.392   0.0204
37.373   0.0204
38.382   0.0203
39.418   0.0203
40.481   0.0202
41.573   0.0202
42.695   0.0201
43.847   0.0201
45.03   0.0200
46.245   0.0200
47.493   0.0200
48.775   0.0200
50.091   0.0200
51.442   0.0200
52.83   0.0200
54.256   0.0200
55.72   0.0200
57.223   0.0200
58.767   0.0200
60.353   0.0200
61.981   0.0200
63.654   0.0200
65.371   0.0200
67.135   0.0200
68.946   0.0200
70.807   0.0200
72.717   0.0200
74.679   0.0200
76.694   0.0200
78.764   0.0200
80.889   0.0200
83.072   0.0200
85.313   0.0200
87.615   0.0200
89.979   0.0200
92.407   0.0200
94.9   0.0200
97.461   0.0200
100.09   0.0200
102.79   0.0200
105.57   0.0200
108.41   0.0200
111.34   0.0200
114.34   0.0200
117.43   0.0200
120.6   0.0200
123.85   0.0200
127.19   0.0200
130.62   0.0200
134.15   0.0200
137.77   0.0200
141.49   0.0200
145.3   0.0200
149.22   0.0200
153.25   0.0200
157.38   0.0200
161.63   0.0200
165.99   0.0200
170.47   0.0200
175.07   0.0200
179.79   0.0200
184.65   0.0200
189.63   0.0200
194.74   0.0200
200   0.0200
