1  58.5070
1.027  50.2500
1.055  43.1580
1.083  36.0190
1.112  29.0610
1.142  23.4480
1.173  18.9180
1.205  15.2640
1.237  12.3150
1.271   9.9450
1.305   8.3480
1.34   7.0080
1.376   5.8820
1.414   4.9380
1.452   4.1590
1.491   3.7650
1.531   3.4090
1.572   3.0870
1.615   2.7950
1.658   2.5310
1.703   2.2920
1.749   2.0810
1.796   1.9110
1.845   1.7560
1.895   1.6130
1.946   1.4810
1.998   1.3610
2.052   1.2500
2.107   1.1480
2.164   1.0550
2.223   0.9750
2.283   0.9100
2.344   0.8500
2.408   0.7940
2.473   0.7410
2.539   0.6920
2.608   0.6460
2.678   0.6060
2.75   0.5740
2.825   0.5440
2.901   0.5160
2.979   0.4890
3.059   0.4630
3.142   0.4390
3.227   0.4160
3.314   0.3940
3.403   0.3750
3.495   0.3560
3.589   0.3390
3.686   0.3220
3.786   0.3070
3.888   0.2920
3.993   0.2770
4.101   0.2640
4.211   0.2510
4.325   0.2380
4.441   0.2270
4.561   0.2170
4.684   0.2080
4.811   0.1990
4.941   0.1910
5.074   0.1830
5.211   0.1750
5.351   0.1680
5.496   0.1610
5.644   0.1540
5.796   0.1480
5.953   0.1420
6.113   0.1360
6.278   0.1300
6.448   0.1250
6.622   0.1200
6.8   0.1150
6.984   0.1100
7.172   0.1050
7.366   0.1000
7.565   0.0950
7.769   0.0910
7.978   0.0870
8.194   0.0830
8.415   0.0790
8.642   0.0750
8.875   0.0720
9.114   0.0690
9.36   0.0660
9.613   0.0630
9.872   0.0600
10.139   0.0570
10.412   0.0540
10.693   0.0520
10.982   0.0490
11.278   0.0470
11.582   0.0450
11.895   0.0430
12.216   0.0410
12.545   0.0390
12.884   0.0380
13.231   0.0360
13.588   0.0350
13.955   0.0330
14.332   0.0320
14.718   0.0300
15.115   0.0290
15.523   0.0280
15.942   0.0270
16.372   0.0260
16.814   0.0250
17.268   0.0240
17.734   0.0230
18.212   0.0220
18.704   0.0215
19.208   0.0210
19.727   0.0200
20.259   0.0195
20.805   0.0190
21.367   0.0185
21.943   0.0180
22.535   0.0177
23.144   0.0173
23.768   0.0170
24.409   0.0167
25.068   0.0163
25.744   0.0160
26.439   0.0157
27.152   0.0153
27.885   0.0150
28.637   0.0149
29.41   0.0149
30.204   0.0148
31.019   0.0148
31.856   0.0147
32.715   0.0147
33.598   0.0146
34.504   0.0146
35.435   0.0145
36.392   0.0145
37.373   0.0144
38.382   0.0144
39.418   0.0143
40.481   0.0143
41.573   0.0142
42.695   0.0142
43.847   0.0141
45.03   0.0141
46.245   0.0140
47.493   0.0140
48.775   0.0140
50.091   0.0140
51.442   0.0140
52.83   0.0140
54.256   0.0140
55.72   0.0140
57.223   0.0140
58.767   0.0140
60.353   0.0140
61.981   0.0140
63.654   0.0140
65.371   0.0140
67.135   0.0140
68.946   0.0140
70.807   0.0140
72.717   0.0140
74.679   0.0140
76.694   0.0140
78.764   0.0140
80.889   0.0140
83.072   0.0140
85.313   0.0140
87.615   0.0140
89.979   0.0140
92.407   0.0140
94.9   0.0140
97.461   0.0140
100.09   0.0140
102.79   0.0140
105.57   0.0140
108.41   0.0140
111.34   0.0140
114.34   0.0140
117.43   0.0140
120.6   0.0140
123.85   0.0140
127.19   0.0140
130.62   0.0140
134.15   0.0140
137.77   0.0140
141.49   0.0140
145.3   0.0140
149.22   0.0140
153.25   0.0140
157.38   0.0140
161.63   0.0140
165.99   0.0140
170.47   0.0140
175.07   0.0140
179.79   0.0140
184.65   0.0140
189.63   0.0140
194.74   0.0140
200   0.0140
