1  59.9140
1.027  55.3970
1.055  51.2200
1.083  47.3580
1.112  43.7870
1.142  40.4860
1.173  37.4330
1.205  34.6110
1.237  32.0010
1.271  29.5910
1.305  27.4680
1.34  25.4980
1.376  23.6690
1.414  21.9710
1.452  20.3950
1.491  18.9320
1.531  17.5740
1.572  16.3070
1.615  15.0300
1.658  13.8530
1.703  12.7680
1.749  11.7680
1.796  10.8470
1.845   9.9970
1.895   9.2140
1.946   8.5190
1.998   7.9330
2.052   7.3870
2.107   6.8780
2.164   6.4050
2.223   5.9640
2.283   5.5540
2.344   5.1710
2.408   4.8160
2.473   4.4730
2.539   4.1450
2.608   3.8420
2.678   3.5600
2.75   3.2990
2.825   3.0570
2.901   2.8380
2.979   2.6470
3.059   2.4690
3.142   2.3020
3.227   2.1470
3.314   2.0030
3.403   1.8680
3.495   1.7400
3.589   1.6080
3.686   1.4860
3.786   1.3740
3.888   1.2700
3.993   1.1730
4.101   1.0790
4.211   0.9860
4.325   0.9020
4.441   0.8240
4.561   0.7540
4.684   0.6910
4.811   0.6330
4.941   0.5810
5.074   0.5320
5.211   0.4880
5.351   0.4510
5.496   0.4200
5.644   0.3910
5.796   0.3640
5.953   0.3380
6.113   0.3150
6.278   0.2950
6.448   0.2770
6.622   0.2600
6.8   0.2440
6.984   0.2290
7.172   0.2150
7.366   0.2030
7.565   0.1930
7.769   0.1840
7.978   0.1750
8.194   0.1660
8.415   0.1580
8.642   0.1510
8.875   0.1430
9.114   0.1370
9.36   0.1300
9.613   0.1240
9.872   0.1180
10.139   0.1130
10.412   0.1080
10.693   0.1030
10.982   0.0980
11.278   0.0930
11.582   0.0890
11.895   0.0860
12.216   0.0820
12.545   0.0790
12.884   0.0760
13.231   0.0730
13.588   0.0700
13.955   0.0680
14.332   0.0660
14.718   0.0630
15.115   0.0610
15.523   0.0590
15.942   0.0570
16.372   0.0550
16.814   0.0540
17.268   0.0520
17.734   0.0500
18.212   0.0490
18.704   0.0470
19.208   0.0460
19.727   0.0450
20.259   0.0430
20.805   0.0420
21.367   0.0410
21.943   0.0390
22.535   0.0380
23.144   0.0370
23.768   0.0360
24.409   0.0350
25.068   0.0340
25.744   0.0330
26.439   0.0320
27.152   0.0310
27.885   0.0305
28.637   0.0300
29.41   0.0299
30.204   0.0299
31.019   0.0298
31.856   0.0298
32.715   0.0297
33.598   0.0297
34.504   0.0296
35.435   0.0296
36.392   0.0295
37.373   0.0295
38.382   0.0294
39.418   0.0294
40.481   0.0293
41.573   0.0293
42.695   0.0292
43.847   0.0292
45.03   0.0291
46.245   0.0291
47.493   0.0290
48.775   0.0290
50.091   0.0290
51.442   0.0290
52.83   0.0290
54.256   0.0290
55.72   0.0290
57.223   0.0290
58.767   0.0290
60.353   0.0290
61.981   0.0290
63.654   0.0290
65.371   0.0290
67.135   0.0290
68.946   0.0290
70.807   0.0290
72.717   0.0290
74.679   0.0290
76.694   0.0290
78.764   0.0290
80.889   0.0290
83.072   0.0290
85.313   0.0290
87.615   0.0290
89.979   0.0290
92.407   0.0290
94.9   0.0290
97.461   0.0290
100.09   0.0290
102.79   0.0290
105.57   0.0290
108.41   0.0290
111.34   0.0290
114.34   0.0290
117.43   0.0290
120.6   0.0290
123.85   0.0290
127.19   0.0290
130.62   0.0290
134.15   0.0290
137.77   0.0290
141.49   0.0290
145.3   0.0290
149.22   0.0290
153.25   0.0290
157.38   0.0290
161.63   0.0290
165.99   0.0290
170.47   0.0290
175.07   0.0290
179.79   0.0290
184.65   0.0290
189.63   0.0290
194.74   0.0290
200   0.0290
