1  90.0000
1.027  84.3170
1.055  78.9930
1.083  74.0060
1.112  69.3330
1.142  64.9550
1.173  60.8540
1.205  56.7700
1.237  52.8980
1.271  49.2910
1.305  45.9290
1.34  42.7970
1.376  39.8780
1.414  37.1590
1.452  34.6250
1.491  32.2630
1.531  30.0630
1.572  27.8390
1.615  25.6430
1.658  23.6210
1.703  21.7570
1.749  20.0410
1.796  18.4600
1.845  17.0040
1.895  15.5720
1.946  14.2230
1.998  12.9910
2.052  11.8660
2.107  10.8380
2.164   9.8980
2.223   9.0290
2.283   8.2370
2.344   7.5140
2.408   6.8540
2.473   6.2530
2.539   5.7040
2.608   5.2030
2.678   4.7460
2.75   4.3290
2.825   3.9480
2.901   3.6010
2.979   3.2850
3.059   2.9960
3.142   2.7320
3.227   2.5320
3.314   2.3650
3.403   2.2080
3.495   2.0620
3.589   1.9260
3.686   1.7990
3.786   1.6800
3.888   1.5690
3.993   1.4670
4.101   1.3770
4.211   1.2920
4.325   1.2130
4.441   1.1380
4.561   1.0680
4.684   1.0030
4.811   0.9410
4.941   0.8830
5.074   0.8360
5.211   0.7940
5.351   0.7530
5.496   0.7150
5.644   0.6790
5.796   0.6440
5.953   0.6110
6.113   0.5800
6.278   0.5510
6.448   0.5230
6.622   0.4970
6.8   0.4740
6.984   0.4510
7.172   0.4300
7.366   0.4100
7.565   0.3900
7.769   0.3720
7.978   0.3540
8.194   0.3370
8.415   0.3220
8.642   0.3080
8.875   0.2940
9.114   0.2810
9.36   0.2680
9.613   0.2570
9.872   0.2450
10.139   0.2340
10.412   0.2240
10.693   0.2140
10.982   0.2050
11.278   0.1960
11.582   0.1880
11.895   0.1800
12.216   0.1720
12.545   0.1650
12.884   0.1580
13.231   0.1510
13.588   0.1440
13.955   0.1360
14.332   0.1290
14.718   0.1220
15.115   0.1160
15.523   0.1100
15.942   0.1040
16.372   0.0980
16.814   0.0930
17.268   0.0880
17.734   0.0830
18.212   0.0790
18.704   0.0750
19.208   0.0710
19.727   0.0670
20.259   0.0630
20.805   0.0600
21.367   0.0570
21.943   0.0550
22.535   0.0520
23.144   0.0500
23.768   0.0480
24.409   0.0460
25.068   0.0440
25.744   0.0420
26.439   0.0415
27.152   0.0410
27.885   0.0400
28.637   0.0390
29.41   0.0389
30.204   0.0389
31.019   0.0388
31.856   0.0388
32.715   0.0387
33.598   0.0387
34.504   0.0386
35.435   0.0386
36.392   0.0385
37.373   0.0384
38.382   0.0384
39.418   0.0383
40.481   0.0383
41.573   0.0382
42.695   0.0382
43.847   0.0381
45.03   0.0381
46.245   0.0380
47.493   0.0380
48.775   0.0380
50.091   0.0380
51.442   0.0380
52.83   0.0380
54.256   0.0380
55.72   0.0380
57.223   0.0380
58.767   0.0380
60.353   0.0380
61.981   0.0380
63.654   0.0380
65.371   0.0380
67.135   0.0380
68.946   0.0380
70.807   0.0380
72.717   0.0380
74.679   0.0380
76.694   0.0380
78.764   0.0380
80.889   0.0380
83.072   0.0380
85.313   0.0380
87.615   0.0380
89.979   0.0380
92.407   0.0380
94.9   0.0380
97.461   0.0380
100.09   0.0380
102.79   0.0380
105.57   0.0380
108.41   0.0380
111.34   0.0380
114.34   0.0380
117.43   0.0380
120.6   0.0380
123.85   0.0380
127.19   0.0380
130.62   0.0380
134.15   0.0380
137.77   0.0380
141.49   0.0380
145.3   0.0380
149.22   0.0380
153.25   0.0380
157.38   0.0380
161.63   0.0380
165.99   0.0380
170.47   0.0380
175.07   0.0380
179.79   0.0380
184.65   0.0380
189.63   0.0380
194.74   0.0380
200   0.0380
