1  36.1240
1.027  32.3190
1.055  28.9150
1.083  25.8690
1.112  23.1440
1.142  20.7060
1.173  18.5250
1.205  16.6280
1.237  15.1980
1.271  13.8920
1.305  12.6980
1.34  11.6060
1.376  10.6080
1.414   9.6960
1.452   8.8680
1.491   8.2290
1.531   7.6360
1.572   7.0850
1.615   6.5740
1.658   6.1000
1.703   5.6600
1.749   5.2520
1.796   4.8730
1.845   4.5290
1.895   4.2720
1.946   4.0300
1.998   3.8010
2.052   3.5850
2.107   3.3820
2.164   3.1900
2.223   3.0090
2.283   2.8380
2.344   2.6770
2.408   2.5270
2.473   2.3870
2.539   2.2540
2.608   2.1290
2.678   2.0110
2.75   1.8990
2.825   1.7930
2.901   1.6940
2.979   1.5980
3.059   1.5060
3.142   1.4200
3.227   1.3390
3.314   1.2620
3.403   1.1900
3.495   1.1210
3.589   1.0570
3.686   0.9970
3.786   0.9370
3.888   0.8780
3.993   0.8230
4.101   0.7710
4.211   0.7230
4.325   0.6780
4.441   0.6350
4.561   0.5960
4.684   0.5620
4.811   0.5300
4.941   0.4990
5.074   0.4710
5.211   0.4440
5.351   0.4190
5.496   0.3950
5.644   0.3720
5.796   0.3510
5.953   0.3310
6.113   0.3120
6.278   0.2940
6.448   0.2780
6.622   0.2620
6.8   0.2470
6.984   0.2350
7.172   0.2240
7.366   0.2130
7.565   0.2020
7.769   0.1930
7.978   0.1830
8.194   0.1740
8.415   0.1660
8.642   0.1570
8.875   0.1490
9.114   0.1410
9.36   0.1340
9.613   0.1270
9.872   0.1200
10.139   0.1140
10.412   0.1080
10.693   0.1020
10.982   0.0970
11.278   0.0920
11.582   0.0870
11.895   0.0820
12.216   0.0780
12.545   0.0750
12.884   0.0720
13.231   0.0690
13.588   0.0660
13.955   0.0640
14.332   0.0610
14.718   0.0590
15.115   0.0560
15.523   0.0530
15.942   0.0510
16.372   0.0480
16.814   0.0460
17.268   0.0440
17.734   0.0420
18.212   0.0390
18.704   0.0370
19.208   0.0350
19.727   0.0330
20.259   0.0320
20.805   0.0310
21.367   0.0290
21.943   0.0280
22.535   0.0270
23.144   0.0260
23.768   0.0250
24.409   0.0245
25.068   0.0240
25.744   0.0230
26.439   0.0225
27.152   0.0220
27.885   0.0210
28.637   0.0209
29.41   0.0209
30.204   0.0208
31.019   0.0208
31.856   0.0207
32.715   0.0207
33.598   0.0206
34.504   0.0206
35.435   0.0205
36.392   0.0205
37.373   0.0204
38.382   0.0204
39.418   0.0203
40.481   0.0203
41.573   0.0202
42.695   0.0202
43.847   0.0201
45.03   0.0201
46.245   0.0200
47.493   0.0200
48.775   0.0200
50.091   0.0200
51.442   0.0200
52.83   0.0200
54.256   0.0200
55.72   0.0200
57.223   0.0200
58.767   0.0200
60.353   0.0200
61.981   0.0200
63.654   0.0200
65.371   0.0200
67.135   0.0200
68.946   0.0200
70.807   0.0200
72.717   0.0200
74.679   0.0200
76.694   0.0200
78.764   0.0200
80.889   0.0200
83.072   0.0200
85.313   0.0200
87.615   0.0200
89.979   0.0200
92.407   0.0200
94.9   0.0200
97.461   0.0200
100.09   0.0200
102.79   0.0200
105.57   0.0200
108.41   0.0200
111.34   0.0200
114.34   0.0200
117.43   0.0200
120.6   0.0200
123.85   0.0200
127.19   0.0200
130.62   0.0200
134.15   0.0200
137.77   0.0200
141.49   0.0200
145.3   0.0200
149.22   0.0200
153.25   0.0200
157.38   0.0200
161.63   0.0200
165.99   0.0200
170.47   0.0200
175.07   0.0200
179.79   0.0200
184.65   0.0200
189.63   0.0200
194.74   0.0200
200   0.0200
