1   1.5070
1.027   1.4200
1.055   1.3380
1.083   1.2610
1.112   1.1880
1.142   1.1190
1.173   1.0550
1.205   0.9940
1.237   0.9370
1.271   0.8820
1.305   0.8310
1.34   0.7830
1.376   0.7380
1.414   0.6920
1.452   0.6480
1.491   0.6060
1.531   0.5680
1.572   0.5310
1.615   0.4980
1.658   0.4660
1.703   0.4360
1.749   0.4080
1.796   0.3820
1.845   0.3580
1.895   0.3350
1.946   0.3140
1.998   0.2920
2.052   0.2720
2.107   0.2530
2.164   0.2350
2.223   0.2190
2.283   0.2040
2.344   0.1900
2.408   0.1770
2.473   0.1640
2.539   0.1530
2.608   0.1420
2.678   0.1320
2.75   0.1220
2.825   0.1140
2.901   0.1050
2.979   0.0980
3.059   0.0890
3.142   0.0810
3.227   0.0730
3.314   0.0660
3.403   0.0600
3.495   0.0550
3.589   0.0500
3.686   0.0460
3.786   0.0420
3.888   0.0390
3.993   0.0350
4.101   0.0310
4.211   0.0280
4.325   0.0260
4.441   0.0240
4.561   0.0230
4.684   0.0220
4.811   0.0210
4.941   0.0200
5.074   0.0190
5.211   0.0185
5.351   0.0180
5.496   0.0175
5.644   0.0170
5.796   0.0165
5.953   0.0160
6.113   0.0157
6.278   0.0153
6.448   0.0150
6.622   0.0147
6.8   0.0145
6.984   0.0142
7.172   0.0140
7.366   0.0139
7.565   0.0137
7.769   0.0136
7.978   0.0134
8.194   0.0133
8.415   0.0131
8.642   0.0130
8.875   0.0129
9.114   0.0128
9.36   0.0127
9.613   0.0125
9.872   0.0124
10.139   0.0123
10.412   0.0122
10.693   0.0121
10.982   0.0120
11.278   0.0119
11.582   0.0119
11.895   0.0118
12.216   0.0118
12.545   0.0117
12.884   0.0117
13.231   0.0116
13.588   0.0116
13.955   0.0115
14.332   0.0115
14.718   0.0114
15.115   0.0114
15.523   0.0113
15.942   0.0113
16.372   0.0112
16.814   0.0112
17.268   0.0111
17.734   0.0111
18.212   0.0110
18.704   0.0110
19.208   0.0110
19.727   0.0110
20.259   0.0110
20.805   0.0110
21.367   0.0110
21.943   0.0110
22.535   0.0110
23.144   0.0110
23.768   0.0110
24.409   0.0110
25.068   0.0110
25.744   0.0110
26.439   0.0110
27.152   0.0110
27.885   0.0110
28.637   0.0110
29.41   0.0110
30.204   0.0110
31.019   0.0110
31.856   0.0110
32.715   0.0110
33.598   0.0110
34.504   0.0110
35.435   0.0110
36.392   0.0110
37.373   0.0110
38.382   0.0110
39.418   0.0110
40.481   0.0110
41.573   0.0110
42.695   0.0110
43.847   0.0110
45.03   0.0110
46.245   0.0110
47.493   0.0110
48.775   0.0110
50.091   0.0110
51.442   0.0110
52.83   0.0110
54.256   0.0110
55.72   0.0110
57.223   0.0110
58.767   0.0110
60.353   0.0110
61.981   0.0110
63.654   0.0110
65.371   0.0110
67.135   0.0110
68.946   0.0110
70.807   0.0110
72.717   0.0110
74.679   0.0110
76.694   0.0110
78.764   0.0110
80.889   0.0110
83.072   0.0110
85.313   0.0110
87.615   0.0110
89.979   0.0110
92.407   0.0110
94.9   0.0110
97.461   0.0110
100.09   0.0110
102.79   0.0110
105.57   0.0110
108.41   0.0110
111.34   0.0110
114.34   0.0110
117.43   0.0110
120.6   0.0110
123.85   0.0110
127.19   0.0110
130.62   0.0110
134.15   0.0110
137.77   0.0110
141.49   0.0110
145.3   0.0110
149.22   0.0110
153.25   0.0110
157.38   0.0110
161.63   0.0110
165.99   0.0110
170.47   0.0110
175.07   0.0110
179.79   0.0110
184.65   0.0110
189.63   0.0110
194.74   0.0110
200   0.0110
