1   7.9240
1.027   7.3190
1.055   6.7610
1.083   6.2450
1.112   5.7690
1.142   5.3280
1.173   4.9220
1.205   4.5460
1.237   4.2000
1.271   3.8790
1.305   3.5830
1.34   3.3440
1.376   3.1270
1.414   2.9240
1.452   2.7330
1.491   2.5560
1.531   2.3900
1.572   2.2340
1.615   2.0890
1.658   1.9530
1.703   1.8260
1.749   1.7090
1.796   1.6060
1.845   1.5090
1.895   1.4170
1.946   1.3320
1.998   1.2510
2.052   1.1760
2.107   1.1050
2.164   1.0380
2.223   0.9750
2.283   0.9160
2.344   0.8610
2.408   0.8130
2.473   0.7710
2.539   0.7300
2.608   0.6920
2.678   0.6560
2.75   0.6220
2.825   0.5900
2.901   0.5590
2.979   0.5300
3.059   0.5020
3.142   0.4760
3.227   0.4510
3.314   0.4280
3.403   0.4060
3.495   0.3850
3.589   0.3660
3.686   0.3470
3.786   0.3290
3.888   0.3120
3.993   0.2960
4.101   0.2810
4.211   0.2670
4.325   0.2530
4.441   0.2400
4.561   0.2280
4.684   0.2170
4.811   0.2070
4.941   0.1970
5.074   0.1880
5.211   0.1790
5.351   0.1700
5.496   0.1620
5.644   0.1540
5.796   0.1470
5.953   0.1400
6.113   0.1340
6.278   0.1280
6.448   0.1230
6.622   0.1180
6.8   0.1130
6.984   0.1080
7.172   0.1030
7.366   0.0990
7.565   0.0950
7.769   0.0910
7.978   0.0870
8.194   0.0830
8.415   0.0800
8.642   0.0760
8.875   0.0730
9.114   0.0700
9.36   0.0670
9.613   0.0640
9.872   0.0610
10.139   0.0590
10.412   0.0560
10.693   0.0540
10.982   0.0510
11.278   0.0490
11.582   0.0470
11.895   0.0460
12.216   0.0440
12.545   0.0420
12.884   0.0400
13.231   0.0390
13.588   0.0370
13.955   0.0360
14.332   0.0340
14.718   0.0330
15.115   0.0320
15.523   0.0310
15.942   0.0300
16.372   0.0290
16.814   0.0280
17.268   0.0270
17.734   0.0260
18.212   0.0250
18.704   0.0240
19.208   0.0235
19.727   0.0230
20.259   0.0220
20.805   0.0215
21.367   0.0210
21.943   0.0200
22.535   0.0195
23.144   0.0190
23.768   0.0187
24.409   0.0183
25.068   0.0180
25.744   0.0177
26.439   0.0175
27.152   0.0172
27.885   0.0170
28.637   0.0169
29.41   0.0169
30.204   0.0168
31.019   0.0168
31.856   0.0167
32.715   0.0167
33.598   0.0166
34.504   0.0166
35.435   0.0165
36.392   0.0165
37.373   0.0164
38.382   0.0164
39.418   0.0163
40.481   0.0163
41.573   0.0162
42.695   0.0162
43.847   0.0161
45.03   0.0161
46.245   0.0160
47.493   0.0160
48.775   0.0160
50.091   0.0160
51.442   0.0160
52.83   0.0160
54.256   0.0160
55.72   0.0160
57.223   0.0160
58.767   0.0160
60.353   0.0160
61.981   0.0160
63.654   0.0160
65.371   0.0160
67.135   0.0160
68.946   0.0160
70.807   0.0160
72.717   0.0160
74.679   0.0160
76.694   0.0160
78.764   0.0160
80.889   0.0160
83.072   0.0160
85.313   0.0160
87.615   0.0160
89.979   0.0160
92.407   0.0160
94.9   0.0160
97.461   0.0160
100.09   0.0160
102.79   0.0160
105.57   0.0160
108.41   0.0160
111.34   0.0160
114.34   0.0160
117.43   0.0160
120.6   0.0160
123.85   0.0160
127.19   0.0160
130.62   0.0160
134.15   0.0160
137.77   0.0160
141.49   0.0160
145.3   0.0160
149.22   0.0160
153.25   0.0160
157.38   0.0160
161.63   0.0160
165.99   0.0160
170.47   0.0160
175.07   0.0160
179.79   0.0160
184.65   0.0160
189.63   0.0160
194.74   0.0160
200   0.0160
