1  20.7660
1.027  19.7900
1.055  18.8600
1.083  17.9740
1.112  17.1290
1.142  16.3240
1.173  15.5570
1.205  14.8260
1.237  14.1290
1.271  13.4650
1.305  12.8330
1.34  12.2300
1.376  11.6660
1.414  11.1760
1.452  10.7080
1.491  10.2580
1.531   9.8280
1.572   9.4160
1.615   9.0210
1.658   8.6430
1.703   8.2800
1.749   7.9330
1.796   7.6000
1.845   7.2810
1.895   6.9950
1.946   6.7400
1.998   6.4950
2.052   6.2580
2.107   6.0290
2.164   5.8100
2.223   5.5980
2.283   5.3940
2.344   5.1970
2.408   5.0070
2.473   4.8250
2.539   4.6490
2.608   4.4790
2.678   4.3140
2.75   4.1510
2.825   3.9950
2.901   3.8440
2.979   3.6990
3.059   3.5600
3.142   3.4260
3.227   3.2970
3.314   3.1730
3.403   3.0530
3.495   2.9380
3.589   2.8270
3.686   2.7210
3.786   2.6180
3.888   2.5200
3.993   2.4250
4.101   2.3320
4.211   2.2330
4.325   2.1380
4.441   2.0480
4.561   1.9610
4.684   1.8770
4.811   1.7980
4.941   1.7210
5.074   1.6490
5.211   1.5860
5.351   1.5240
5.496   1.4650
5.644   1.4090
5.796   1.3540
5.953   1.3020
6.113   1.2510
6.278   1.2030
6.448   1.1560
6.622   1.1210
6.8   1.0910
6.984   1.0620
7.172   1.0340
7.366   1.0070
7.565   0.9810
7.769   0.9550
7.978   0.9290
8.194   0.9050
8.415   0.8810
8.642   0.8580
8.875   0.8350
9.114   0.8130
9.36   0.7920
9.613   0.7710
9.872   0.7520
10.139   0.7420
10.412   0.7330
10.693   0.7230
10.982   0.7140
11.278   0.7050
11.582   0.6960
11.895   0.6870
12.216   0.6780
12.545   0.6700
12.884   0.6610
13.231   0.6530
13.588   0.6490
13.955   0.6450
14.332   0.6410
14.718   0.6370
15.115   0.6330
15.523   0.6290
15.942   0.6260
16.372   0.6220
16.814   0.6190
17.268   0.6170
17.734   0.6150
18.212   0.6130
18.704   0.6110
19.208   0.6090
19.727   0.6070
20.259   0.6050
20.805   0.6030
21.367   0.6020
21.943   0.6020
22.535   0.6020
23.144   0.6020
23.768   0.6020
24.409   0.6020
25.068   0.6020
25.744   0.6020
26.439   0.6020
27.152   0.6020
27.885   0.6020
28.637   0.6020
29.41   0.6020
30.204   0.6020
31.019   0.6020
31.856   0.6020
32.715   0.6020
33.598   0.6020
34.504   0.6020
35.435   0.6020
36.392   0.6020
37.373   0.6020
38.382   0.6020
39.418   0.6020
40.481   0.6020
41.573   0.6020
42.695   0.6020
43.847   0.6020
45.03   0.6020
46.245   0.6020
47.493   0.6020
48.775   0.6020
50.091   0.6020
51.442   0.6020
52.83   0.6020
54.256   0.6020
55.72   0.6020
57.223   0.6020
58.767   0.6020
60.353   0.6020
61.981   0.6020
63.654   0.6020
65.371   0.6020
67.135   0.6020
68.946   0.6020
70.807   0.6020
72.717   0.6020
74.679   0.6020
76.694   0.6020
78.764   0.6020
80.889   0.6020
83.072   0.6020
85.313   0.6020
87.615   0.6020
89.979   0.6020
92.407   0.6020
94.9   0.6020
97.461   0.6020
100.09   0.6020
102.79   0.6020
105.57   0.6020
108.41   0.6020
111.34   0.6020
114.34   0.6020
117.43   0.6020
120.6   0.6020
123.85   0.6020
127.19   0.6020
130.62   0.6020
134.15   0.6020
137.77   0.6020
141.49   0.6020
145.3   0.6020
149.22   0.6020
153.25   0.6020
157.38   0.6020
161.63   0.6020
165.99   0.6020
170.47   0.6020
175.07   0.6020
179.79   0.6020
184.65   0.6020
189.63   0.6020
194.74   0.6020
200   0.6020
