1  20.4950
1.027  19.5100
1.055  18.5730
1.083  17.6810
1.112  16.8310
1.142  16.0220
1.173  15.2530
1.205  14.5200
1.237  13.8220
1.271  13.1580
1.305  12.5260
1.34  11.9240
1.376  11.3510
1.414  10.8060
1.452  10.2880
1.491   9.8230
1.531   9.3790
1.572   8.9550
1.615   8.5500
1.658   8.1640
1.703   7.7950
1.749   7.4420
1.796   7.1060
1.845   6.7850
1.895   6.4780
1.946   6.1850
1.998   5.9090
2.052   5.6600
2.107   5.4210
2.164   5.1930
2.223   4.9740
2.283   4.7650
2.344   4.5640
2.408   4.3720
2.473   4.1870
2.539   4.0110
2.608   3.8420
2.678   3.6800
2.75   3.5250
2.825   3.3930
2.901   3.2660
2.979   3.1440
3.059   3.0260
3.142   2.9120
3.227   2.8030
3.314   2.6980
3.403   2.5970
3.495   2.5000
3.589   2.4060
3.686   2.2890
3.786   2.1650
3.888   2.0480
3.993   1.9490
4.101   1.8610
4.211   1.7770
4.325   1.6960
4.441   1.6190
4.561   1.5460
4.684   1.4710
4.811   1.3980
4.941   1.3290
5.074   1.2630
5.211   1.2000
5.351   1.1410
5.496   1.0840
5.644   1.0310
5.796   0.9830
5.953   0.9380
6.113   0.8940
6.278   0.8530
6.448   0.8130
6.622   0.7760
6.8   0.7400
6.984   0.7060
7.172   0.6730
7.366   0.6430
7.565   0.6160
7.769   0.5890
7.978   0.5640
8.194   0.5390
8.415   0.5160
8.642   0.4940
8.875   0.4720
9.114   0.4520
9.36   0.4320
9.613   0.4140
9.872   0.3960
10.139   0.3790
10.412   0.3630
10.693   0.3490
10.982   0.3360
11.278   0.3240
11.582   0.3120
11.895   0.3000
12.216   0.2890
12.545   0.2780
12.884   0.2680
13.231   0.2580
13.588   0.2490
13.955   0.2420
14.332   0.2350
14.718   0.2280
15.115   0.2220
15.523   0.2160
15.942   0.2090
16.372   0.2030
16.814   0.1980
17.268   0.1920
17.734   0.1870
18.212   0.1810
18.704   0.1770
19.208   0.1730
19.727   0.1690
20.259   0.1660
20.805   0.1620
21.367   0.1580
21.943   0.1550
22.535   0.1510
23.144   0.1480
23.768   0.1450
24.409   0.1410
25.068   0.1380
25.744   0.1350
26.439   0.1340
27.152   0.1320
27.885   0.1310
28.637   0.1300
29.41   0.1290
30.204   0.1290
31.019   0.1290
31.856   0.1290
32.715   0.1290
33.598   0.1290
34.504   0.1290
35.435   0.1290
36.392   0.1290
37.373   0.1290
38.382   0.1290
39.418   0.1290
40.481   0.1290
41.573   0.1290
42.695   0.1290
43.847   0.1290
45.03   0.1290
46.245   0.1290
47.493   0.1290
48.775   0.1290
50.091   0.1290
51.442   0.1290
52.83   0.1290
54.256   0.1290
55.72   0.1290
57.223   0.1290
58.767   0.1290
60.353   0.1290
61.981   0.1290
63.654   0.1290
65.371   0.1290
67.135   0.1290
68.946   0.1290
70.807   0.1290
72.717   0.1290
74.679   0.1290
76.694   0.1290
78.764   0.1290
80.889   0.1290
83.072   0.1290
85.313   0.1290
87.615   0.1290
89.979   0.1290
92.407   0.1290
94.9   0.1290
97.461   0.1290
100.09   0.1290
102.79   0.1290
105.57   0.1290
108.41   0.1290
111.34   0.1290
114.34   0.1290
117.43   0.1290
120.6   0.1290
123.85   0.1290
127.19   0.1290
130.62   0.1290
134.15   0.1290
137.77   0.1290
141.49   0.1290
145.3   0.1290
149.22   0.1290
153.25   0.1290
157.38   0.1290
161.63   0.1290
165.99   0.1290
170.47   0.1290
175.07   0.1290
179.79   0.1290
184.65   0.1290
189.63   0.1290
194.74   0.1290
200   0.1290
