1  10.0000
1.027   9.3610
1.055   8.7620
1.083   8.2020
1.112   7.6770
1.142   7.1860
1.173   6.7270
1.205   6.2960
1.237   5.8940
1.271   5.5170
1.305   5.1750
1.34   4.8680
1.376   4.5800
1.414   4.3080
1.452   4.0520
1.491   3.8120
1.531   3.5860
1.572   3.3730
1.615   3.1730
1.658   2.9850
1.703   2.8080
1.749   2.6490
1.796   2.5080
1.845   2.3750
1.895   2.2500
1.946   2.1300
1.998   2.0170
2.052   1.9100
2.107   1.8090
2.164   1.7130
2.223   1.6250
2.283   1.5460
2.344   1.4700
2.408   1.3980
2.473   1.3300
2.539   1.2640
2.608   1.2030
2.678   1.1440
2.75   1.0880
2.825   1.0340
2.901   0.9840
2.979   0.9360
3.059   0.8900
3.142   0.8480
3.227   0.8070
3.314   0.7690
3.403   0.7320
3.495   0.6970
3.589   0.6640
3.686   0.6320
3.786   0.6020
3.888   0.5730
3.993   0.5480
4.101   0.5280
4.211   0.5080
4.325   0.4890
4.441   0.4710
4.561   0.4530
4.684   0.4360
4.811   0.4200
4.941   0.4040
5.074   0.3890
5.211   0.3750
5.351   0.3610
5.496   0.3470
5.644   0.3350
5.796   0.3240
5.953   0.3130
6.113   0.3030
6.278   0.2930
6.448   0.2840
6.622   0.2750
6.8   0.2660
6.984   0.2570
7.172   0.2490
7.366   0.2400
7.565   0.2330
7.769   0.2260
7.978   0.2200
8.194   0.2140
8.415   0.2080
8.642   0.2030
8.875   0.1980
9.114   0.1920
9.36   0.1870
9.613   0.1820
9.872   0.1780
10.139   0.1730
10.412   0.1680
10.693   0.1640
10.982   0.1610
11.278   0.1570
11.582   0.1540
11.895   0.1510
12.216   0.1480
12.545   0.1450
12.884   0.1420
13.231   0.1390
13.588   0.1360
13.955   0.1330
14.332   0.1310
14.718   0.1290
15.115   0.1280
15.523   0.1260
15.942   0.1240
16.372   0.1230
16.814   0.1210
17.268   0.1200
17.734   0.1180
18.212   0.1160
18.704   0.1150
19.208   0.1130
19.727   0.1120
20.259   0.1100
20.805   0.1090
21.367   0.1080
21.943   0.1070
22.535   0.1050
23.144   0.1040
23.768   0.1030
24.409   0.1020
25.068   0.1010
25.744   0.0990
26.439   0.0980
27.152   0.0970
27.885   0.0965
28.637   0.0960
29.41   0.0959
30.204   0.0959
31.019   0.0958
31.856   0.0958
32.715   0.0957
33.598   0.0957
34.504   0.0956
35.435   0.0956
36.392   0.0955
37.373   0.0955
38.382   0.0954
39.418   0.0954
40.481   0.0953
41.573   0.0953
42.695   0.0952
43.847   0.0952
45.03   0.0951
46.245   0.0951
47.493   0.0950
48.775   0.0950
50.091   0.0950
51.442   0.0950
52.83   0.0950
54.256   0.0950
55.72   0.0950
57.223   0.0950
58.767   0.0950
60.353   0.0950
61.981   0.0950
63.654   0.0950
65.371   0.0950
67.135   0.0950
68.946   0.0950
70.807   0.0950
72.717   0.0950
74.679   0.0950
76.694   0.0950
78.764   0.0950
80.889   0.0950
83.072   0.0950
85.313   0.0950
87.615   0.0950
89.979   0.0950
92.407   0.0950
94.9   0.0950
97.461   0.0950
100.09   0.0950
102.79   0.0950
105.57   0.0950
108.41   0.0950
111.34   0.0950
114.34   0.0950
117.43   0.0950
120.6   0.0950
123.85   0.0950
127.19   0.0950
130.62   0.0950
134.15   0.0950
137.77   0.0950
141.49   0.0950
145.3   0.0950
149.22   0.0950
153.25   0.0950
157.38   0.0950
161.63   0.0950
165.99   0.0950
170.47   0.0950
175.07   0.0950
179.79   0.0950
184.65   0.0950
189.63   0.0950
194.74   0.0950
200   0.0950
