1  14.9590
1.027  13.8610
1.055  12.8440
1.083  11.9010
1.112  11.0280
1.142  10.2180
1.173   9.4680
1.205   8.7730
1.237   8.1290
1.271   7.5330
1.305   6.9800
1.34   6.4680
1.376   5.9930
1.414   5.5800
1.452   5.2110
1.491   4.8660
1.531   4.5440
1.572   4.2440
1.615   3.9630
1.658   3.7010
1.703   3.4560
1.749   3.2270
1.796   3.0180
1.845   2.8470
1.895   2.6870
1.946   2.5350
1.998   2.3920
2.052   2.2570
2.107   2.1300
2.164   2.0100
2.223   1.8960
2.283   1.7890
2.344   1.6990
2.408   1.6160
2.473   1.5380
2.539   1.4640
2.608   1.3930
2.678   1.3260
2.75   1.2620
2.825   1.2010
2.901   1.1430
2.979   1.0870
3.059   1.0420
3.142   1.0000
3.227   0.9600
3.314   0.9210
3.403   0.8840
3.495   0.8480
3.589   0.8140
3.686   0.7810
3.786   0.7500
3.888   0.7190
3.993   0.6990
4.101   0.6790
4.211   0.6610
4.325   0.6420
4.441   0.6250
4.561   0.6080
4.684   0.5910
4.811   0.5750
4.941   0.5590
5.074   0.5430
5.211   0.5280
5.351   0.5160
5.496   0.5080
5.644   0.5010
5.796   0.4930
5.953   0.4860
6.113   0.4790
6.278   0.4720
6.448   0.4650
6.622   0.4580
6.8   0.4510
6.984   0.4450
7.172   0.4390
7.366   0.4370
7.565   0.4350
7.769   0.4330
7.978   0.4320
8.194   0.4300
8.415   0.4280
8.642   0.4260
8.875   0.4240
9.114   0.4220
9.36   0.4200
9.613   0.4180
9.872   0.4160
10.139   0.4150
10.412   0.4150
10.693   0.4150
10.982   0.4150
11.278   0.4150
11.582   0.4150
11.895   0.4150
12.216   0.4150
12.545   0.4150
12.884   0.4150
13.231   0.4150
13.588   0.4150
13.955   0.4150
14.332   0.4150
14.718   0.4150
15.115   0.4150
15.523   0.4150
15.942   0.4150
16.372   0.4150
16.814   0.4150
17.268   0.4150
17.734   0.4150
18.212   0.4150
18.704   0.4150
19.208   0.4150
19.727   0.4150
20.259   0.4150
20.805   0.4150
21.367   0.4150
21.943   0.4150
22.535   0.4150
23.144   0.4150
23.768   0.4150
24.409   0.4150
25.068   0.4150
25.744   0.4150
26.439   0.4150
27.152   0.4150
27.885   0.4150
28.637   0.4150
29.41   0.4150
30.204   0.4150
31.019   0.4150
31.856   0.4150
32.715   0.4150
33.598   0.4150
34.504   0.4150
35.435   0.4150
36.392   0.4150
37.373   0.4150
38.382   0.4150
39.418   0.4150
40.481   0.4150
41.573   0.4150
42.695   0.4150
43.847   0.4150
45.03   0.4150
46.245   0.4150
47.493   0.4150
48.775   0.4150
50.091   0.4150
51.442   0.4150
52.83   0.4150
54.256   0.4150
55.72   0.4150
57.223   0.4150
58.767   0.4150
60.353   0.4150
61.981   0.4150
63.654   0.4150
65.371   0.4150
67.135   0.4150
68.946   0.4150
70.807   0.4150
72.717   0.4150
74.679   0.4150
76.694   0.4150
78.764   0.4150
80.889   0.4150
83.072   0.4150
85.313   0.4150
87.615   0.4150
89.979   0.4150
92.407   0.4150
94.9   0.4150
97.461   0.4150
100.09   0.4150
102.79   0.4150
105.57   0.4150
108.41   0.4150
111.34   0.4150
114.34   0.4150
117.43   0.4150
120.6   0.4150
123.85   0.4150
127.19   0.4150
130.62   0.4150
134.15   0.4150
137.77   0.4150
141.49   0.4150
145.3   0.4150
149.22   0.4150
153.25   0.4150
157.38   0.4150
161.63   0.4150
165.99   0.4150
170.47   0.4150
175.07   0.4150
179.79   0.4150
184.65   0.4150
189.63   0.4150
194.74   0.4150
200   0.4150
