1   2.5740
1.027   2.4220
1.055   2.2790
1.083   2.1450
1.112   2.0190
1.142   1.9000
1.173   1.7880
1.205   1.6820
1.237   1.5830
1.271   1.4900
1.305   1.4020
1.34   1.3190
1.376   1.2420
1.414   1.1680
1.452   1.0990
1.491   1.0350
1.531   0.9750
1.572   0.9230
1.615   0.8740
1.658   0.8280
1.703   0.7830
1.749   0.7420
1.796   0.7020
1.845   0.6650
1.895   0.6290
1.946   0.5960
1.998   0.5640
2.052   0.5340
2.107   0.5050
2.164   0.4790
2.223   0.4530
2.283   0.4290
2.344   0.4060
2.408   0.3840
2.473   0.3640
2.539   0.3450
2.608   0.3260
2.678   0.3100
2.75   0.2970
2.825   0.2840
2.901   0.2710
2.979   0.2590
3.059   0.2480
3.142   0.2370
3.227   0.2260
3.314   0.2170
3.403   0.2070
3.495   0.1980
3.589   0.1890
3.686   0.1810
3.786   0.1730
3.888   0.1650
3.993   0.1580
4.101   0.1510
4.211   0.1450
4.325   0.1390
4.441   0.1340
4.561   0.1290
4.684   0.1240
4.811   0.1190
4.941   0.1150
5.074   0.1110
5.211   0.1060
5.351   0.1020
5.496   0.0990
5.644   0.0950
5.796   0.0910
5.953   0.0880
6.113   0.0850
6.278   0.0830
6.448   0.0800
6.622   0.0780
6.8   0.0750
6.984   0.0730
7.172   0.0710
7.366   0.0690
7.565   0.0670
7.769   0.0650
7.978   0.0630
8.194   0.0610
8.415   0.0590
8.642   0.0580
8.875   0.0560
9.114   0.0550
9.36   0.0530
9.613   0.0520
9.872   0.0510
10.139   0.0500
10.412   0.0480
10.693   0.0470
10.982   0.0460
11.278   0.0450
11.582   0.0440
11.895   0.0430
12.216   0.0420
12.545   0.0410
12.884   0.0405
13.231   0.0400
13.588   0.0390
13.955   0.0380
14.332   0.0370
14.718   0.0365
15.115   0.0360
15.523   0.0350
15.942   0.0345
16.372   0.0340
16.814   0.0330
17.268   0.0325
17.734   0.0320
18.212   0.0310
18.704   0.0305
19.208   0.0300
19.727   0.0295
20.259   0.0290
20.805   0.0287
21.367   0.0283
21.943   0.0280
22.535   0.0277
23.144   0.0273
23.768   0.0270
24.409   0.0267
25.068   0.0265
25.744   0.0262
26.439   0.0260
27.152   0.0259
27.885   0.0259
28.637   0.0258
29.41   0.0258
30.204   0.0257
31.019   0.0257
31.856   0.0256
32.715   0.0256
33.598   0.0255
34.504   0.0255
35.435   0.0254
36.392   0.0254
37.373   0.0253
38.382   0.0253
39.418   0.0252
40.481   0.0252
41.573   0.0251
42.695   0.0251
43.847   0.0250
45.03   0.0250
46.245   0.0250
47.493   0.0250
48.775   0.0250
50.091   0.0250
51.442   0.0250
52.83   0.0250
54.256   0.0250
55.72   0.0250
57.223   0.0250
58.767   0.0250
60.353   0.0250
61.981   0.0250
63.654   0.0250
65.371   0.0250
67.135   0.0250
68.946   0.0250
70.807   0.0250
72.717   0.0250
74.679   0.0250
76.694   0.0250
78.764   0.0250
80.889   0.0250
83.072   0.0250
85.313   0.0250
87.615   0.0250
89.979   0.0250
92.407   0.0250
94.9   0.0250
97.461   0.0250
100.09   0.0250
102.79   0.0250
105.57   0.0250
108.41   0.0250
111.34   0.0250
114.34   0.0250
117.43   0.0250
120.6   0.0250
123.85   0.0250
127.19   0.0250
130.62   0.0250
134.15   0.0250
137.77   0.0250
141.49   0.0250
145.3   0.0250
149.22   0.0250
153.25   0.0250
157.38   0.0250
161.63   0.0250
165.99   0.0250
170.47   0.0250
175.07   0.0250
179.79   0.0250
184.65   0.0250
189.63   0.0250
194.74   0.0250
200   0.0250
