572.689  603.565
574.985  468.18
578.445  415.238
586.014  373.849
593.682  340.649
605.069  303.339
615.443  278.621
631.023  249.847
646.351  225.394
664.040  204.558
681.532  188.077
701.586  170.008
732.412  145.162
756.985  126.576
783.948  109.273
807.823  95.1876
829.102  83.7511
850.941  73.1746
872.483  62.4177
899.953  51.5652
921.813  44.0289
941.376  38.0479
960.393  33.0112
971.987  30.0796
985.691  26.3863
1000.58  23.3324
1017.74  20.9438
1035.19  19.3336
1053.99  17.1989
1080.67  14.4666
1115.81  11.8206
1160.19  9.42009
1191.94  8.0675
1225.79  6.96462
1255.56  6.12785
1287.35  5.42405
1319.94  4.80589
1345.26  4.37035
1371.06  4.02628
1394.57  3.70559
1438.48  3.21183
1488.22  2.80062
1538.16  2.44694
1600.93  2.08515
1672.94  1.77507
1741.22  1.5324
1810.47  1.32689
1871.21  1.18038
1930.12  1.06698
1984.93  0.97223
2039.26  0.88855
2070.07  0.84353
2114.01  0.79202
2156.71  0.73848
2229.07  0.66620
2334.00  0.57570
2441.43  0.50300
2569.18  0.43467
2714.44  0.37300
2873.66  0.32040
2984.96  0.29195
3141.14  0.25661
3302.19  0.22874
3447.28  0.20718
3656.79  0.18210
3949.48  0.15595
4252.83  0.13463
4584.06  0.11658
4950.98  0.10114
5320.59  0.08881
5655.25  0.07988
6023.00  0.07192
6344.48  0.06599
6730.07  0.06013
7068.05  0.05579
7610.93  0.05002
8162.78  0.04544
8780.95  0.04128
9398.82  0.03784
10000.0  0.03514