0.00000 0.00000
46.82170 300.32100
46.91540 287.39300
47.05640 265.29700
47.38690 232.95600
47.57680 200.50700
47.95900 173.09600
48.29590 147.06100
48.58650 130.56200
48.97680 112.71300
49.51850 94.71280
50.11630 79.42780
50.56940 66.74290
51.12870 55.74840
51.69420 48.95240
52.47550 42.00750
53.21530 36.41010
54.18190 31.33850
55.16600 27.35350
56.39310 23.66140
57.41730 20.92290
58.75320 18.46440
59.94010 16.39280
61.45750 14.56820
63.20260 12.95970
65.06230 11.50570
67.71760 10.03260
70.62230 8.74817
73.65160 7.71251
76.81080 6.79946
80.99160 5.85235
84.71950 5.21658
89.33070 4.53962
94.38160 3.95445
99.22060 3.48282
104.83000 3.06437
110.31500 2.71785
115.16200 2.45675
120.34200 2.22074
125.63000 2.02150
132.73300 1.78754
142.64300 1.53240
156.85800 1.25839
171.45900 1.04481
183.15700 0.90650
197.81700 0.77557
214.50700 0.65694
234.00500 0.55479
259.13300 0.45650
290.71500 0.36745
322.57700 0.30448
358.29000 0.25003
393.99700 0.20968
434.99900 0.17584
486.06500 0.14368
535.57600 0.12110
597.85200 0.09994
660.06800 0.08423
717.90900 0.07323
784.73300 0.06334
856.06200 0.05529
930.14700 0.04884
995.59700 0.04415
1072.06000 0.03979
1136.08000 0.03669
1230.70000 0.03333
1345.26000 0.03016
1450.03000 0.02781
1550.51000 0.02601
1659.61000 0.02440
1781.73000 0.02300
1909.01000 0.02175
2072.15000 0.02044
2215.74000 0.01954
2371.65000 0.01864
2543.61000 0.01795
2730.77000 0.01733
2911.26000 0.01685
3125.47000 0.01637
3362.16000 0.01598
3723.21000 0.01554
3997.16000 0.01527
4317.10000 0.01501
4690.71000 0.01477
5220.46000 0.01445
5781.05000 0.01422
6281.35000 0.01406
6935.03000 0.01392
7749.16000 0.01379
8719.70000 0.01372
10000.00000 0.01366
