59.22510 301.22300
59.40310 273.92400
59.82040 242.46300
60.18040 219.39000
60.72440 193.03100
61.33470 168.14900
62.07520 142.00300
62.69900 121.73500
63.32920 107.86100
64.09370 92.93030
64.73780 80.06580
65.38850 69.95480
66.37670 59.31420
67.31250 50.64540
68.46660 43.50380
69.50130 37.44400
70.90540 32.03550
72.48260 26.94630
73.50440 24.62700
74.69000 22.12800
76.27500 19.60620
78.04970 17.18170
79.70610 15.34580
81.31620 13.78860
83.37480 12.32760
85.48540 10.94450
87.64950 9.85368
90.13840 8.78323
92.97640 7.85259
96.09580 7.01355
100.51800 6.06081
103.78700 5.56693
110.20500 4.75332
117.96000 3.95445
128.29600 3.20541
136.50200 2.76168
148.16700 2.29295
159.86700 1.94029
177.21100 1.55556
195.06700 1.27614
217.09700 1.02208
241.85600 0.82353
269.97900 0.66090
298.07400 0.54490
334.73600 0.43424
386.19500 0.33382
444.23000 0.25611
492.91800 0.21073
538.26100 0.17975
583.67400 0.15456
656.12000 0.12591
710.76600 0.11001
778.48000 0.09422
862.93800 0.07941
947.98900 0.06801
1018.76000 0.06026
1110.25000 0.05291
1196.72000 0.04730
1288.64000 0.04259
1366.95000 0.03920
1467.53000 0.03582
1594.54000 0.03251
1725.62000 0.02986
1852.59000 0.02773
1975.03000 0.02599
2109.78000 0.02445
2204.69000 0.02354
2331.67000 0.02248
2495.74000 0.02130
2698.20000 0.02020
2865.05000 0.01939
3094.37000 0.01842
3246.52000 0.01795
3450.73000 0.01744
3624.02000 0.01704
3871.28000 0.01657
4098.35000 0.01624
4347.43000 0.01594
4630.13000 0.01567
5071.24000 0.01533
5510.11000 0.01505
5933.33000 0.01484
6531.16000 0.01459
7075.12000 0.01439
7718.23000 0.01422
8419.79000 0.01406
9075.56000 0.01395
10000.00000 0.01390
