96.09580 301.22300
96.57750 278.62100
97.54810 240.53100
98.72570 205.78900
99.81770 176.24000
101.12300 150.48300
102.54900 127.33800
103.78700 110.92400
105.46100 93.58310
107.59100 76.00880
109.54600 63.93380
112.20700 51.77190
114.93200 41.75620
117.60600 34.73840
119.86200 30.32120
122.52800 25.94150
125.88200 21.75500
129.19700 18.57550
132.07100 16.44210
135.00900 14.64120
138.56500 13.02460
144.22000 10.80320
148.31600 9.58160
152.98500 8.43883
157.80200 7.49206
163.26000 6.65816
167.72800 6.12785
172.83600 5.58365
180.43000 4.94236
187.60600 4.47650
195.65300 3.99020
204.45400 3.56385
213.22400 3.20862
221.26100 2.93246
230.75200 2.64809
244.28700 2.32295
255.02000 2.09350
269.70900 1.84936
290.71500 1.57120
314.61300 1.32822
342.52400 1.11387
372.16700 0.93973
398.75300 0.81860
440.25000 0.67021
477.39400 0.56998
521.83100 0.48328
569.83300 0.40895
629.76300 0.33785
676.77800 0.29489
736.08300 0.25179
800.58500 0.21521
869.86900 0.18504
936.68100 0.16216
1026.94000 0.13819
1124.78000 0.11822
1212.38000 0.10444
1296.39000 0.09328
1402.96000 0.08207
1522.85000 0.07164
1634.90000 0.06405
1755.20000 0.05709
1871.21000 0.05181
1975.03000 0.04792
2103.46000 0.04362
2267.29000 0.03947
2400.28000 0.03666
2564.04000 0.03384
2763.74000 0.03117
2958.21000 0.02883
3144.28000 0.02710
3375.64000 0.02517
3602.34000 0.02370
3817.46000 0.02255
4049.47000 0.02149
4312.79000 0.02052
4584.06000 0.01970
4877.27000 0.01887
5132.46000 0.01837
5499.10000 0.01777
5827.48000 0.01732
6306.53000 0.01677
6743.54000 0.01634
7276.03000 0.01595
7929.46000 0.01557
8676.21000 0.01522
9333.26000 0.01495
10000.00000 0.01467
