151.463  275.848
151.615  210.366
151.918  180.702
152.527  147.65
153.445  117.313
154.368  96.4331
155.453  80.6283
156.388  69.0512
157.960  56.0839
159.229  46.6115
160.829  39.4426
162.283  33.4097
164.242  28.2148
165.893  24.309
167.393  21.6249
169.244  19.0457
171.802  16.3928
174.224  14.3513
176.857  12.539
179.530  11.1099
182.608  9.80453
185.553  8.69584
189.491  7.63577
193.126  6.81989
197.422  6.09728
202.217  5.37545
208.376  4.65919
215.152  4.09122
221.704  3.62495
229.371  3.22793
237.542  2.86292
246.249  2.54935
256.299  2.26107
265.163  2.04386
273.511  1.87168
283.537  1.6885
293.930  1.53087
302.579  1.41884
314.928  1.27359
332.734  1.11164
349.794  0.98298
370.311  0.85371
392.424  0.74814
417.107  0.65235
445.565  0.56374
475.489  0.49107
521.831  0.40569
573.836  0.33482
639.280  0.2714
710.055  0.22087
777.702  0.18504
875.980  0.14835
971.016  0.12268
1047.69  0.10718
1155.56  0.09161
1289.92  0.07606
1415.64  0.06573
1556.72  0.05697
1765.77  0.04763
1961.26  0.04133
2178.39  0.03618
2381.15  0.03264
2592.40  0.02965
2853.61  0.02691
3094.37  0.02489
3338.71  0.02325
3631.28  0.02157
3875.15  0.02050
4135.40  0.01958
4426.39  0.01868
4718.94  0.01796
5045.95  0.01736
5374.07  0.01687
5740.72  0.01640
6218.85  0.01592
6818.13  0.01549
7527.66  0.01514
8105.84  0.01493
9030.29  0.01471
10000.0  0.01456