1  74.0000
1.027  69.6930
1.055  65.6360
1.083  61.8150
1.112  58.8830
1.142  56.9750
1.173  55.1300
1.205  53.3440
1.237  51.6160
1.271  50.1890
1.305  49.3100
1.34  48.4470
1.376  47.5990
1.414  46.7650
1.452  45.9470
1.491  45.1470
1.531  44.5470
1.572  43.9550
1.615  43.3710
1.658  42.7950
1.703  42.2270
1.749  41.6660
1.796  41.1130
1.845  40.5670
1.895  40.0280
1.946  39.6050
1.998  39.2330
2.052  38.8650
2.107  38.5010
2.164  38.1400
2.223  37.7820
2.283  37.4280
2.344  37.0770
2.408  36.7290
2.473  36.4750
2.539  36.2700
2.608  36.0660
2.678  35.8630
2.75  35.6620
2.825  35.4610
2.901  35.2620
2.979  35.0640
3.059  34.8670
3.142  34.6710
3.227  34.4760
3.314  34.2820
3.403  34.0900
3.495  33.8980
3.589  33.7080
3.686  33.5180
3.786  33.3300
3.888  33.1570
3.993  32.9860
4.101  32.8160
4.211  32.6460
4.325  32.4780
4.441  32.3100
4.561  32.1430
4.684  31.9770
4.811  31.8120
4.941  31.6480
5.074  31.4840
5.211  31.3210
5.351  31.1600
5.496  30.9990
5.644  30.8390
5.796  30.6820
5.953  30.5770
6.113  30.4720
6.278  30.3670
6.448  30.2630
6.622  30.1600
6.8  30.0560
6.984  29.9530
7.172  29.8510
7.366  29.7480
7.565  29.6460
7.769  29.5450
7.978  29.4440
8.194  29.3430
8.415  29.2420
8.642  29.1420
8.875  29.0420
9.114  28.9640
9.36  28.9060
9.613  28.8480
9.872  28.7900
10.139  28.7330
10.412  28.6750
10.693  28.6180
10.982  28.5610
11.278  28.5040
11.582  28.4460
11.895  28.3900
12.216  28.3330
12.545  28.2760
12.884  28.2190
13.231  28.1630
13.588  28.1070
13.955  28.0500
14.332  27.9940
14.718  27.9780
15.115  27.9650
15.523  27.9530
15.942  27.9400
16.372  27.9270
16.814  27.9140
17.268  27.9020
17.734  27.8890
18.212  27.8760
18.704  27.8630
19.208  27.8510
19.727  27.8380
20.259  27.8250
20.805  27.8130
21.367  27.8000
21.943  27.7870
22.535  27.7740
23.144  27.7620
23.768  27.7490
24.409  27.7370
25.068  27.7330
25.744  27.7290
26.439  27.7250
27.152  27.7210
27.885  27.7170
28.637  27.7130
29.41  27.7090
30.204  27.7090
31.019  27.7090
31.856  27.7090
32.715  27.7090
33.598  27.7090
34.504  27.7090
35.435  27.7090
36.392  27.7090
37.373  27.7090
38.382  27.7090
39.418  27.7090
40.481  27.7090
41.573  27.7090
42.695  27.7090
43.847  27.7090
45.03  27.7090
46.245  27.7090
47.493  27.7090
48.775  27.7090
50.091  27.7090
51.442  27.7090
52.83  27.7090
54.256  27.7090
55.72  27.7090
57.223  27.7090
58.767  27.7090
60.353  27.7090
61.981  27.7090
63.654  27.7090
65.371  27.7090
67.135  27.7090
68.946  27.7090
70.807  27.7090
72.717  27.7090
74.679  27.7090
76.694  27.7090
78.764  27.7090
80.889  27.7090
83.072  27.7090
85.313  27.7090
87.615  27.7090
89.979  27.7090
92.407  27.7090
94.9  27.7090
97.461  27.7090
100.09  27.7090
102.79  27.7090
105.57  27.7090
108.41  27.7090
111.34  27.7090
114.34  27.7090
117.43  27.7090
120.6  27.7090
123.85  27.7090
127.19  27.7090
130.62  27.7090
134.15  27.7090
137.77  27.7090
141.49  27.7090
145.3  27.7090
149.22  27.7090
153.25  27.7090
157.38  27.7090
161.63  27.7090
165.99  27.7090
170.47  27.7090
175.07  27.7090
179.79  27.7090
184.65  27.7090
189.63  27.7090
194.74  27.7090
200  27.7090
