1   3.2550
1.027   3.0590
1.055   2.8750
1.083   2.7020
1.112   2.5400
1.142   2.3870
1.173   2.2440
1.205   2.1090
1.237   1.9820
1.271   1.8630
1.305   1.7510
1.34   1.6450
1.376   1.5460
1.414   1.4530
1.452   1.3660
1.491   1.2840
1.531   1.2070
1.572   1.1340
1.615   1.0660
1.658   1.0090
1.703   0.9590
1.749   0.9110
1.796   0.8660
1.845   0.8220
1.895   0.7810
1.946   0.7420
1.998   0.7050
2.052   0.6700
2.107   0.6370
2.164   0.6050
2.223   0.5750
2.283   0.5460
2.344   0.5190
2.408   0.4930
2.473   0.4710
2.539   0.4530
2.608   0.4370
2.678   0.4210
2.75   0.4050
2.825   0.3900
2.901   0.3760
2.979   0.3620
3.059   0.3480
3.142   0.3360
3.227   0.3230
3.314   0.3110
3.403   0.3000
3.495   0.2910
3.589   0.2840
3.686   0.2770
3.786   0.2710
3.888   0.2650
3.993   0.2590
4.101   0.2530
4.211   0.2470
4.325   0.2410
4.441   0.2350
4.561   0.2300
4.684   0.2250
4.811   0.2190
4.941   0.2140
5.074   0.2100
5.211   0.2080
5.351   0.2050
5.496   0.2030
5.644   0.2010
5.796   0.1990
5.953   0.1960
6.113   0.1940
6.278   0.1920
6.448   0.1900
6.622   0.1880
6.8   0.1860
6.984   0.1845
7.172   0.1830
7.366   0.1820
7.565   0.1815
7.769   0.1810
7.978   0.1800
8.194   0.1795
8.415   0.1790
8.642   0.1785
8.875   0.1780
9.114   0.1775
9.36   0.1770
9.613   0.1760
9.872   0.1755
10.139   0.1750
10.412   0.1747
10.693   0.1743
10.982   0.1740
11.278   0.1737
11.582   0.1735
11.895   0.1732
12.216   0.1730
12.545   0.1727
12.884   0.1725
13.231   0.1722
13.588   0.1720
13.955   0.1717
14.332   0.1715
14.718   0.1712
15.115   0.1710
15.523   0.1707
15.942   0.1705
16.372   0.1702
16.814   0.1700
17.268   0.1697
17.734   0.1695
18.212   0.1692
18.704   0.1690
19.208   0.1688
19.727   0.1686
20.259   0.1684
20.805   0.1682
21.367   0.1680
21.943   0.1677
22.535   0.1675
23.144   0.1672
23.768   0.1670
24.409   0.1669
25.068   0.1669
25.744   0.1668
26.439   0.1668
27.152   0.1667
27.885   0.1667
28.637   0.1666
29.41   0.1666
30.204   0.1665
31.019   0.1665
31.856   0.1664
32.715   0.1664
33.598   0.1663
34.504   0.1663
35.435   0.1662
36.392   0.1662
37.373   0.1661
38.382   0.1661
39.418   0.1660
40.481   0.1660
41.573   0.1660
42.695   0.1660
43.847   0.1660
45.03   0.1660
46.245   0.1660
47.493   0.1660
48.775   0.1660
50.091   0.1660
51.442   0.1660
52.83   0.1660
54.256   0.1660
55.72   0.1660
57.223   0.1660
58.767   0.1660
60.353   0.1660
61.981   0.1660
63.654   0.1660
65.371   0.1660
67.135   0.1660
68.946   0.1660
70.807   0.1660
72.717   0.1660
74.679   0.1660
76.694   0.1660
78.764   0.1660
80.889   0.1660
83.072   0.1660
85.313   0.1660
87.615   0.1660
89.979   0.1660
92.407   0.1660
94.9   0.1660
97.461   0.1660
100.09   0.1660
102.79   0.1660
105.57   0.1660
108.41   0.1660
111.34   0.1660
114.34   0.1660
117.43   0.1660
120.6   0.1660
123.85   0.1660
127.19   0.1660
130.62   0.1660
134.15   0.1660
137.77   0.1660
141.49   0.1660
145.3   0.1660
149.22   0.1660
153.25   0.1660
157.38   0.1660
161.63   0.1660
165.99   0.1660
170.47   0.1660
175.07   0.1660
179.79   0.1660
184.65   0.1660
189.63   0.1660
194.74   0.1660
200   0.1660
