22.066528494640135 559.5648377916369
22.066528494640135 478.9520874605158
22.066528494640135 409.9526749895686
22.066528494640135 350.89354474304827
22.066528494640135 300.3426669809499
22.06652849464009 257.0743148759989
22.06652849464009 220.03934383773714
22.06652849464009 188.33975249490112
22.06652849464009 161.20690850631925
22.06652849464009 137.9829112330834
22.01461006722267 113.4659531556722
22.223019587413432 101.09009670102641
22.32796305418919 82.15439797977146
22.699183211270913 67.08111082558365
22.539339047347887 62.06132918348765
22.96811318665895 50.914059233948066
23.34997634920224 43.11944147314258
23.682336759506033 36.51812998080594
24.019427943009994 31.257208107444196
24.361317236901034 27.039464676809143
24.766343525660552 22.366466539526197
25.23748279051609 18.91999325361821
25.71758471094727 15.817087544186183
26.20681978684858 12.76373826754043
26.831472132590292 10.595283879156025
27.47101337199452 8.676839007624473
28.258616468904044 7.3182227289930175
29.27495011384226 6.0179127250622
30.114272677568273 5.078621786985943
30.97765889855895 4.255739378295077
31.865798689877423 3.541060463871578
32.54857422907007 2.946399695607718
33.48175268578253 2.463185969512874
34.93192398259868 1.9830102656511432
36.444905515481274 1.622998064501442
38.02341773942983 1.3504431940680892
39.67029893857292 1.128968596219797
41.38851032961716 0.9595170181592629
43.181141386338375 0.8135793010648393
45.05141539468865 0.6963723919778722
47.33602829382653 0.5835400891816731
50.08921731365635 0.48212336831942093
53.00253911293822 0.40400555304412944
56.08530743906485 0.34094735126488795
59.347377751692896 0.2907994347887024
62.79917873016584 0.24978745847089012
66.45174561349204 0.21493909144257525
70.81542684537177 0.18300119997375153
76.00084384490366 0.15334975622702413
81.56595988258081 0.12850269691270128
87.5385781918908 0.10783396185439992
93.94853788135568 0.09177841403536657
101.54291261437956 0.07824238200357683
110.52951411260153 0.06681286674409721
120.31143459871349 0.05739012591028141
130.95906022398978 0.0492962914555517
142.5490063513379 0.04219450562669238
156.26506343435003 0.03591573503357275
172.51570786466633 0.03077266461874476
190.45632341582407 0.026579999767091304
213.25550737999185 0.022727828122073464
242.18275902225193 0.01927103966717673
276.98435730243716 0.01645208054672716
312.341114780233 0.01446982428344402
