75.46565756843079 569.5442884936289
76.35974160853154 464.4993638167695
77.6292830891334 384.67699914025263
77.44663585939317 322.3482909006167
78.73424782199795 253.46442891046587
78.54900081625327 212.8971182865712
79.66705668705227 167.4023037393009
80.80102681414016 133.81917766594296
82.14440819619965 110.04203642815948
83.31364061014101 91.88663645546154
84.49951572037577 77.27106957119656
85.70227041679564 65.67313432206109
86.92214496115106 55.81598126721376
88.15938303504578 47.27091050546005
89.62510294595155 39.00943377265777
91.76136103632182 32.153889864550266
93.94853788135626 25.64288206533739
96.64207373252754 20.306230714605313
99.41283415307663 16.251671990152317
102.98826072074372 13.474757245953638
105.94096843452867 11.411857847788559
108.97833126125613 9.837139752109493
112.89778516487931 8.175519413944603
117.78764648894776 6.644121407965097
122.88929889229821 5.476479080507688
128.21191553103694 4.556797733458606
133.76506687164425 3.8455612943093733
139.55873789939582 3.2606707445671597
145.60334607211973 2.79092779631268
151.90976005157216 2.394494625089974
158.48931924611108 2.0592199793700012
166.52650831005192 1.7491121666571694
176.21213193998432 1.4476809308706373
186.46109714269525 1.2088337849441533
197.3061693589809 1.0201559706066696
208.78201975462287 0.8670365307338525
220.92533606241048 0.7382032020348624
233.7749398710293 0.6363388118507705
247.37191073578254 0.5475618628178319
263.6160613477242 0.4680159775666125
282.9191887418009 0.3949668679023184
303.6357760187352 0.335210272817228
325.86932292754 0.28570410035682453
349.730907924042 0.24523726330952236
378.0015721663097 0.20783991098547575
408.55750899555915 0.17639472807876222
441.5834495080268 0.1501310728908165
480.6638184551846 0.12699721170677572
523.2028207337037 0.10819037284084472
569.5065472235597 0.09173516076521426
619.9081780095752 0.07870477683954415
679.5557067678517 0.06704949688412323
750.2254900103236 0.056985759865022446
828.2445136664943 0.049023176757512145
914.3770553693238 0.04213062161790262
1009.4668731153689 0.03628036640705576
1122.3488792845822 0.03107723247485418
1256.703245219277 0.026647207219832016
1417.120072709148 0.02288910283345429
1609.346709452043 0.01962243196596879
1840.6094050378254 0.01692404465951613
2135.0682617126854 0.014698834544466828
2340.504405417547 0.013660226343359918
