42.27532514733794 559.5648377916369
42.27532514733794 478.9520874605158
42.27532514733794 409.9526749895686
42.27532514733794 350.89354474304827
42.27532514733794 300.3426669809499
42.275325147337846 257.0743148759989
42.17585918916771 210.89939689215788
42.575132696643315 188.33975249490112
42.776184673673214 151.6246305598452
43.18114138633855 132.25140673906427
43.385055110060556 106.97327283546211
43.79577592189087 94.18901885200053
44.10636618236333 78.92769600575603
44.10636618236333 67.79637863658876
44.62891908047779 53.87712275814557
45.264161088228654 43.17028665671239
46.01671379303932 35.24961359103615
46.78177828554043 29.054822989216376
47.89684481332622 24.23260837933934
49.03848949626033 19.359814307322193
50.444439312235964 15.330759425353572
51.890698177396175 12.291364820751475
53.378421765597665 9.942030522856209
55.29820032283076 8.331136393096381
56.88361813170508 7.105759130469932
58.92946262719492 5.891601761918378
61.04888682519318 4.902207633862011
63.24453705225724 4.107909378380147
65.98380262100864 3.3542102559186717
68.84171204748876 2.7712631516077257
71.82340406856828 2.3167720669548317
74.93423999156626 1.9551644618767137
78.17981333428591 1.649997480334864
81.56595988258098 1.399041154460031
85.09876818353979 1.200316442818829
88.78459049315234 1.0346852153483395
93.28696669839034 0.8731889472999971
98.71278423451714 0.7330018837824683
104.45418171688127 0.6185931081014315
110.52951411260176 0.5229651778909743
116.95820396239272 0.4476250949015325
124.6384885784445 0.37802584760406027
133.76506687164397 0.3154337419382509
143.55993336611988 0.26432442759362684
154.07202306309804 0.22180974350819238
165.35385419980958 0.18771930582103463
177.46179062979166 0.15931827409101093
190.45632341582407 0.13521418241093006
204.40237304234412 0.11540790758601131
219.36961375717857 0.09850287074845106
237.10246079748725 0.08407409638247475
258.0861540418066 0.07111902693925351
280.9269152418558 0.061161014792906754
305.78909589439195 0.052473489776464564
332.8515926906027 0.045126206341307915
362.30913477350873 0.03899104943255801
397.17049860513066 0.0335654513584338
441.5834495080268 0.028448338886537645
494.444610115881 0.024135706975997335
557.5599366864079 0.020553408513669644
633.190699016175 0.017564795622225352
724.1800346355859 0.015103017891143631
793.8605953611916 0.013724771352267294
