178.72031163131433 569.5442884936289
180.83771156421088 464.4993638167695
183.41173113129852 385.58473373290263
186.4610971426964 325.78540387587987
189.11515922075714 274.9359995062004
191.80699886004763 232.02329792918636
194.53715378127276 193.74269250219595
197.3061693589817 161.20690850631925
200.1145987305113 136.04532919582687
202.9630029064806 114.81103240234532
205.851950882858 97.57856846625468
210.26265711136801 79.48776014056526
216.29095747520407 61.40656749907557
221.44635805598753 49.145476925874824
226.72464012686376 41.47472740974041
232.12873262815086 33.905080052985106
239.91154684931806 27.392265436198997
246.78989075036597 22.792201196977235
254.46414575258626 19.05424789664505
261.759717507922 16.137164063444203
271.1740215693241 13.411388006194182
282.91918874180146 11.002474686579996
295.1730659710575 9.154796535732522
307.9576866533026 7.68955947521069
321.2960385015372 6.428460822647193
335.2121048791956 5.425090506001676
352.21112460021544 4.535367973884006
372.6966582595253 3.7207387709562534
394.37368491833377 3.068661297165515
417.3115049713226 2.5488223458502737
441.5834495080277 2.1245433303563392
467.2671147487516 1.7771620760283628
494.44461011588197 1.4944851581616203
523.2028207337048 1.261222159795993
553.633685195899 1.0700269214971865
585.8344894887268 0.9078159655186716
619.9081780095764 0.7797850190148166
660.6156365856535 0.6599381079654745
708.9888188809136 0.5537918072564589
760.9040983288605 0.466034619255908
816.6208428611408 0.3955258138302421
876.4174124700545 0.3371118249406539
940.5925498907644 0.28936365027478733
1009.466873115371 0.24978745847089012
1091.0676078143342 0.2108000043641373
1187.6276684488073 0.17789781004997446
1292.7333455445894 0.15119639005705485
1407.140930680449 0.12910987628940984
1531.6736476400763 0.11050988300949649
1667.2275759476295 0.09436678560069565
1814.7780986393198 0.08096259645499201
1975.38692066619 0.06970839924121176
2150.209708429257 0.060089362694307036
2340.5044054175514 0.05179765348668801
2565.707602896356 0.04422369373731903
2832.526052589972 0.03758597616346757
3127.092046476285 0.03207387383072731
3452.291165404781 0.027342505516584594
3811.3090736046192 0.023332640566278484
4207.662725585233 0.019971263650676783
4645.234818370436 0.017198055358161973
5201.307524602167 0.014615087486575418
