382.47996914443985 534.9190528645246
386.10085848150203 478.9520874605158
387.92413737727713 396.6460798188492
394.3736849183354 336.318204140039
393.4457971655897 282.49003931838274
397.1704986051331 239.52472379002856
399.04605151371567 196.50201076075686
402.8237698505866 175.48243672956417
405.68050972946276 149.67176963535124
411.45491132411547 126.31062378176637
417.3115049713235 107.35213849059204
424.2496408886713 89.00893439587358
434.3618382295379 74.4113430000837
442.62486328742557 59.623804007590465
453.1750430263192 49.145476925874824
463.97669145067505 39.54170679848827
477.2790576259588 32.843242091963766
494.444610115884 27.42456559401445
512.2275292963782 23.008097821756426
534.4132752875109 19.009390830377797
557.5599366864102 15.594981020751844
581.709132937437 12.854308655268714
606.9042861182899 10.69564654304783
633.1906990161776 9.06889244718438
660.6156365856549 7.799075563720687
694.1162711715722 6.608979949285891
734.487915459355 5.528354427646692
777.2076817119901 4.698580787370615
822.4121429340971 4.0145848762625675
870.2458155786643 3.4362305793941914
920.8616215590848 2.946399695607718
974.4213771330395 2.5443207366241514
1038.4086243615689 2.1616687092601508
1114.4454707535624 1.824270025946731
1196.0500694480702 1.5417120808786988
1283.6301157556306 1.3103101216969895
1377.6231582304617 1.1152162342529242
1478.498784656258 0.9518585240558086
1586.7609680994813 0.8147306554551145
1702.9505847509902 0.6993330373230446
1840.6094050378292 0.5918509720432952
2003.5043113497095 0.49245968592326744
2165.4585350421867 0.4197298321028069
2340.5044054175564 0.35572330960198223
2547.6402837845367 0.300201121687869
2753.5799975503874 0.2569531610632274
2976.1669460047133 0.21915945006507542
3239.5592955770967 0.18560753596456744
3526.2620074617876 0.1566374454140473
3838.338061058191 0.13218907938372906
4178.0330105341955 0.11274617452640723
4547.7911427898125 0.09548545425289108
4950.273065409088 0.08077199619755615
5388.374851155133 0.06897295916112726
5865.248876763064 0.058758850429002085
6384.326505977147 0.050057334725515004
6949.342780048737 0.042745043657127064
7564.363293356348 0.03658705212602247
8233.813447532315 0.03146417115942614
8962.510294595155 0.02702672153581322
9755.697198215988 0.023242468110081738
10619.081562525376 0.019870650845002332
11558.87589993953 0.016947995088312066
12671.070265351435 0.014411477067534442
