34.931923982598896 586.5737749749181
34.931923982598896 478.9520874605158
34.931923982598896 409.9526749895686
34.931923982598896 350.89354474304827
35.1796537040202 300.3426669809499
35.17965370402012 257.0743148759989
35.17965370402012 220.03934383773714
35.17965370402012 188.33975249490112
35.09688253782403 154.87533451036208
35.42914027155469 137.9829112330834
35.680396144378655 114.00208343441264
35.596446824579886 95.53047579222178
36.10312184193504 75.11619628126358
36.70336497780801 59.90552839956114
36.617008803068664 50.914059233948066
37.31358763356135 41.08554905476441
38.02341773942999 34.02516117255845
38.564637933062485 28.816125994843592
39.11356178184771 24.664780139195955
39.670298938573005 21.111490816764704
40.23496061680844 18.13409864253307
41.00036507576113 15.195854489632405
41.977628796775114 12.14020862117329
43.18114138633846 9.819765862109335
44.41915908242533 8.175519413944603
46.01671379303923 6.6912675213857655
47.33602829382663 5.686947432660058
48.6931679804762 4.867667087339391
50.089217313656455 4.1811710924141865
51.52529184588423 3.578817837526513
53.378421765597665 2.967307094148812
55.69036331299133 2.4114857527723093
58.102440337264106 1.9783419091052639
60.618989934975474 1.6422378536473228
63.24453705225711 1.389183627057705
65.98380262100851 1.1834613731740058
68.84171204748861 1.0177543431992413
72.33276026350043 0.8548614404086665
76.53982554779729 0.7150841832434864
80.99158491319737 0.5960506955797487
85.70227041679529 0.502129199587677
90.6869418898935 0.42676254586027834
95.96153508354685 0.36206738805718397
101.54291261437977 0.3082676401073781
107.44891787354722 0.26292638782586303
114.50475699382788 0.22180974350819238
122.88929889229772 0.18560753596456744
131.88779382374955 0.15641608979271165
141.54519812942058 0.1336930749609881
152.98707152624146 0.11314548598190571
166.52650831005158 0.09548545425289108
181.26419241367753 0.08058184464680335
197.3061693589805 0.06881058462834465
214.7678697526208 0.058482518647073795
233.77493987102883 0.0503531622870829
256.26875096042886 0.042903655526958365
282.9191887418003 0.03657473506688381
312.3411147802336 0.03146417115942614
347.2681565529963 0.027002844331133122
388.8390030554935 0.023051521936300556
438.4738866382144 0.019699665450773104
497.95110536599435 0.016914739747034405
569.5065472235585 0.014671459457943833
