1  21.8210
1.027  18.7150
1.055  16.0520
1.083  13.7670
1.112  11.8080
1.142  10.1270
1.173   8.9480
1.205   8.2300
1.237   7.5690
1.271   6.9620
1.305   6.4030
1.34   5.8890
1.376   5.4160
1.414   5.0660
1.452   4.7840
1.491   4.5180
1.531   4.2670
1.572   4.0300
1.615   3.8060
1.658   3.5940
1.703   3.3970
1.749   3.2500
1.796   3.1090
1.845   2.9740
1.895   2.8450
1.946   2.7210
1.998   2.6030
2.052   2.4560
2.107   2.3160
2.164   2.1840
2.223   2.0600
2.283   1.9430
2.344   1.8320
2.408   1.7280
2.473   1.6160
2.539   1.5110
2.608   1.4120
2.678   1.3200
2.75   1.2340
2.825   1.1540
2.901   1.0790
2.979   1.0090
3.059   0.9520
3.142   0.9010
3.227   0.8530
3.314   0.8080
3.403   0.7650
3.495   0.7240
3.589   0.6860
3.686   0.6490
3.786   0.6150
3.888   0.5840
3.993   0.5540
4.101   0.5260
4.211   0.4990
4.325   0.4740
4.441   0.4500
4.561   0.4270
4.684   0.4050
4.811   0.3840
4.941   0.3630
5.074   0.3420
5.211   0.3230
5.351   0.3040
5.496   0.2870
5.644   0.2710
5.796   0.2550
5.953   0.2410
6.113   0.2270
6.278   0.2140
6.448   0.2020
6.622   0.1910
6.8   0.1800
6.984   0.1700
7.172   0.1610
7.366   0.1520
7.565   0.1440
7.769   0.1360
7.978   0.1270
8.194   0.1200
8.415   0.1130
8.642   0.1060
8.875   0.0990
9.114   0.0930
9.36   0.0880
9.613   0.0830
9.872   0.0790
10.139   0.0750
10.412   0.0710
10.693   0.0670
10.982   0.0640
11.278   0.0600
11.582   0.0570
11.895   0.0540
12.216   0.0510
12.545   0.0490
12.884   0.0470
13.231   0.0450
13.588   0.0420
13.955   0.0400
14.332   0.0390
14.718   0.0370
15.115   0.0350
15.523   0.0330
15.942   0.0320
16.372   0.0310
16.814   0.0290
17.268   0.0280
17.734   0.0270
18.212   0.0260
18.704   0.0250
19.208   0.0230
19.727   0.0225
20.259   0.0220
20.805   0.0215
21.367   0.0210
21.943   0.0205
22.535   0.0200
23.144   0.0195
23.768   0.0190
24.409   0.0187
25.068   0.0185
25.744   0.0182
26.439   0.0180
27.152   0.0179
27.885   0.0179
28.637   0.0178
29.41   0.0178
30.204   0.0177
31.019   0.0177
31.856   0.0176
32.715   0.0176
33.598   0.0175
34.504   0.0175
35.435   0.0174
36.392   0.0174
37.373   0.0173
38.382   0.0173
39.418   0.0172
40.481   0.0172
41.573   0.0171
42.695   0.0171
43.847   0.0170
45.03   0.0170
46.245   0.0170
47.493   0.0170
48.775   0.0170
50.091   0.0170
51.442   0.0170
52.83   0.0170
54.256   0.0170
55.72   0.0170
57.223   0.0170
58.767   0.0170
60.353   0.0170
61.981   0.0170
63.654   0.0170
65.371   0.0170
67.135   0.0170
68.946   0.0170
70.807   0.0170
72.717   0.0170
74.679   0.0170
76.694   0.0170
78.764   0.0170
80.889   0.0170
83.072   0.0170
85.313   0.0170
87.615   0.0170
89.979   0.0170
92.407   0.0170
94.9   0.0170
97.461   0.0170
100.09   0.0170
102.79   0.0170
105.57   0.0170
108.41   0.0170
111.34   0.0170
114.34   0.0170
117.43   0.0170
120.6   0.0170
123.85   0.0170
127.19   0.0170
130.62   0.0170
134.15   0.0170
137.77   0.0170
141.49   0.0170
145.3   0.0170
149.22   0.0170
153.25   0.0170
157.38   0.0170
161.63   0.0170
165.99   0.0170
170.47   0.0170
175.07   0.0170
179.79   0.0170
184.65   0.0170
189.63   0.0170
194.74   0.0170
200   0.0170
